0.245	239.939	0.0903841
0.74	239.815	0.090942
1.24	239.69	0.0893333
1.74	239.565	0.0894203
2.24	239.44	0.0922464
2.74	239.315	0.0890217
3.24	239.19	0.091913
3.74	239.065	0.0905362
4.24	238.94	0.090558
4.74	238.815	0.090913
5.24	238.69	0.0922826
5.74	238.565	0.0913116
6.24	238.44	0.0917971
6.74	238.315	0.0923333
7.24	238.19	0.0904928
7.74	238.065	0.0918985
8.24	237.94	0.0893551
8.74	237.815	0.0897681
9.24	237.69	0.0909203
9.74	237.565	0.0924203
10.24	237.44	0.0907971
10.74	237.315	0.0920507
11.24	237.19	0.094
11.74	237.065	0.094413
12.24	236.94	0.0936087
12.74	236.815	0.0935435
13.24	236.69	0.0916377
13.74	236.565	0.0970942
14.24	236.44	0.0945
14.74	236.315	0.0926884
15.24	236.19	0.0932826
15.74	236.065	0.0936812
16.24	235.94	0.0953623
16.74	235.815	0.0917609
17.24	235.69	0.0922319
17.74	235.565	0.0945725
18.24	235.44	0.0935652
18.74	235.315	0.0968768
19.24	235.19	0.094942
19.74	235.065	0.093116
20.24	234.94	0.093971
20.74	234.815	0.0940217
21.24	234.69	0.0962101
21.74	234.565	0.0945145
22.24	234.44	0.0946957
22.74	234.315	0.0943623
23.24	234.19	0.0941884
23.74	234.065	0.0952608
24.24	233.94	0.0997029
24.74	233.815	0.1005
25.24	233.69	0.0977392
25.74	233.565	0.101058
26.24	233.44	0.0968261
26.74	233.315	0.0987971
27.24	233.19	0.100087
27.74	233.065	0.0959203
28.24	232.94	0.0962681
28.74	232.815	0.0975797
29.24	232.69	0.0977102
29.74	232.565	0.101051
30.24	232.44	0.0988188
30.74	232.315	0.103261
31.24	232.19	0.101029
31.74	232.065	0.0987536
32.24	231.94	0.0997899
32.74	231.815	0.0998189
33.24	231.69	0.0987174
33.74	231.565	0.100993
34.24	231.44	0.103341
34.74	231.315	0.0996667
35.24	231.19	0.101478
35.74	231.065	0.0985942
36.24	230.94	0.101696
36.74	230.815	0.101746
37.24	230.69	0.103971
37.74	230.565	0.103014
38.24	230.44	0.105
38.74	230.315	0.10129
39.24	230.19	0.0996957
39.74	230.065	0.101428
40.24	229.94	0.103681
40.74	229.815	0.103391
41.24	229.69	0.102855
41.74	229.565	0.105855
42.24	229.44	0.106964
42.74	229.315	0.10521
43.24	229.19	0.101355
43.74	229.065	0.101717
44.24	228.94	0.103529
44.74	228.815	0.105993
45.24	228.69	0.107674
45.74	228.565	0.108094
46.24	228.44	0.103768
46.74	228.315	0.115558
47.24	228.19	0.264493
47.74	228.065	0.513022
48.24	227.94	0.551044
48.74	227.815	0.550674
49.24	227.69	0.555268
49.74	227.565	0.556145
50.24	227.44	0.55287
50.74	227.315	0.555196
51.24	227.19	0.560362
51.74	227.065	0.562739
52.24	226.94	0.563449
52.74	226.815	0.561478
53.24	226.69	0.563297
53.74	226.565	0.562232
54.24	226.44	0.563341
54.74	226.315	0.563862
55.24	226.19	0.564696
55.74	226.065	0.563297
56.24	225.94	0.566551
56.74	225.815	0.561152
57.24	225.69	0.559804
57.74	225.565	0.558225
58.24	225.44	0.559587
58.74	225.315	0.557507
59.24	225.19	0.557514
59.74	225.065	0.557326
60.24	224.94	0.560101
60.74	224.815	0.558674
61.24	224.69	0.557536
61.74	224.565	0.561471
62.24	224.44	0.561051
62.74	224.315	0.557022
63.24	224.19	0.55571
63.74	224.065	0.558109
64.24	223.94	0.55487
64.74	223.815	0.558507
65.24	223.69	0.55508
65.74	223.565	0.558036
66.24	223.44	0.56042
66.74	223.315	0.560116
67.24	223.19	0.560913
67.74	223.065	0.559377
68.24	222.94	0.558638
68.74	222.815	0.558674
69.24	222.69	0.558746
69.74	222.565	0.557188
70.24	222.44	0.556094
70.74	222.315	0.556848
71.24	222.19	0.559696
71.74	222.065	0.556703
72.24	221.94	0.558696
72.74	221.815	0.560145
73.24	221.69	0.556159
73.74	221.565	0.556551
74.24	221.44	0.55679
74.74	221.315	0.558413
75.24	221.19	0.556312
75.74	221.065	0.555297
76.24	220.94	0.555007
76.74	220.815	0.554304
77.24	220.69	0.555645
77.74	220.565	0.55492
78.24	220.44	0.556326
78.74	220.315	0.556391
79.24	220.19	0.555348
79.74	220.065	0.555928
