0.245	239.939	0.0876739
0.74	239.815	0.0897609
1.24	239.69	0.0905507
1.74	239.565	0.0890435
2.24	239.44	0.0895362
2.74	239.315	0.0905942
3.24	239.19	0.0895507
3.74	239.065	0.0923261
4.24	238.94	0.0897391
4.74	238.815	0.0901159
5.24	238.69	0.0914131
5.74	238.565	0.0921087
6.24	238.44	0.0923261
6.74	238.315	0.0917101
7.24	238.19	0.0898043
7.74	238.065	0.0893768
8.24	237.94	0.0913623
8.74	237.815	0.0932319
9.24	237.69	0.0949348
9.74	237.565	0.0909928
10.24	237.44	0.0929058
10.74	237.315	0.0929855
11.24	237.19	0.0960507
11.74	237.065	0.0930797
12.24	236.94	0.0953189
12.74	236.815	0.0953551
13.24	236.69	0.0939493
13.74	236.565	0.0937826
14.24	236.44	0.0943116
14.74	236.315	0.0937536
15.24	236.19	0.0954928
15.74	236.065	0.0927319
16.24	235.94	0.0937101
16.74	235.815	0.0930435
17.24	235.69	0.0933116
17.74	235.565	0.0954492
18.24	235.44	0.0929493
18.74	235.315	0.0963913
19.24	235.19	0.0938261
19.74	235.065	0.0923551
20.24	234.94	0.0928551
20.74	234.815	0.0938768
21.24	234.69	0.0959058
21.74	234.565	0.0949928
22.24	234.44	0.0966667
22.74	234.315	0.0987029
23.24	234.19	0.0948696
23.74	234.065	0.0959203
24.24	233.94	0.0990363
24.74	233.815	0.0995579
25.24	233.69	0.0967681
25.74	233.565	0.0961159
26.24	233.44	0.0995797
26.74	233.315	0.096
27.24	233.19	0.0964058
27.74	233.065	0.0962174
28.24	232.94	0.101312
28.74	232.815	0.0976739
29.24	232.69	0.0988985
29.74	232.565	0.0989421
30.24	232.44	0.0992246
30.74	232.315	0.0985797
31.24	232.19	0.100906
31.74	232.065	0.0991739
32.24	231.94	0.100181
32.74	231.815	0.0993623
33.24	231.69	0.10058
33.74	231.565	0.100594
34.24	231.44	0.10113
34.74	231.315	0.104406
35.24	231.19	0.104435
35.74	231.065	0.103703
36.24	230.94	0.100399
36.74	230.815	0.106486
37.24	230.69	0.102949
37.74	230.565	0.103935
38.24	230.44	0.104283
38.74	230.315	0.104565
39.24	230.19	0.104884
39.74	230.065	0.104522
40.24	229.94	0.102935
40.74	229.815	0.100051
41.24	229.69	0.102775
41.74	229.565	0.105377
42.24	229.44	0.102123
42.74	229.315	0.104841
43.24	229.19	0.106696
43.74	229.065	0.107601
44.24	228.94	0.105355
44.74	228.815	0.10071
45.24	228.69	0.109239
45.74	228.565	0.104362
46.24	228.44	0.10729
46.74	228.315	0.106457
47.24	228.19	0.106928
47.74	228.065	0.106906
48.24	227.94	0.105783
48.74	227.815	0.110515
49.24	227.69	0.277877
49.74	227.565	0.557377
50.24	227.44	0.575406
50.74	227.315	0.574703
51.24	227.19	0.573275
51.74	227.065	0.574015
52.24	226.94	0.575116
52.74	226.815	0.572826
53.24	226.69	0.576638
53.74	226.565	0.575109
54.24	226.44	0.575572
54.74	226.315	0.576225
55.24	226.19	0.575841
55.74	226.065	0.577601
56.24	225.94	0.57758
56.74	225.815	0.578507
57.24	225.69	0.580203
57.74	225.565	0.579971
58.24	225.44	0.579362
58.74	225.315	0.579406
59.24	225.19	0.578485
59.74	225.065	0.580275
60.24	224.94	0.578225
60.74	224.815	0.579609
61.24	224.69	0.581014
61.74	224.565	0.582558
62.24	224.44	0.5815
62.74	224.315	0.580993
63.24	224.19	0.580442
63.74	224.065	0.580384
64.24	223.94	0.583123
64.74	223.815	0.58221
65.24	223.69	0.580573
65.74	223.565	0.582087
66.24	223.44	0.581935
66.74	223.315	0.579029
67.24	223.19	0.581565
67.74	223.065	0.581667
68.24	222.94	0.581652
68.74	222.815	0.582326
69.24	222.69	0.583884
69.74	222.565	0.583913
70.24	222.44	0.585638
70.74	222.315	0.585652
71.24	222.19	0.585486
71.74	222.065	0.584623
72.24	221.94	0.583725
72.74	221.815	0.583659
73.24	221.69	0.581188
73.74	221.565	0.582949
74.24	221.44	0.583841
74.74	221.315	0.582565
75.24	221.19	0.5815
75.74	221.065	0.582964
76.24	220.94	0.583326
76.74	220.815	0.583123
77.24	220.69	0.582123
77.74	220.565	0.582015
78.24	220.44	0.582312
78.74	220.315	0.583616
79.24	220.19	0.584283
79.74	220.065	0.584065
