0.245	224.939	0.23475
0.74	224.815	0.237874
1.24	224.69	0.234905
1.74	224.565	0.238677
2.24	224.44	0.232181
2.74	224.315	0.232734
3.24	224.19	0.235105
3.74	224.065	0.232385
4.24	223.94	0.235898
4.74	223.815	0.235868
5.24	223.69	0.240908
5.74	223.565	0.241372
6.24	223.44	0.241607
6.74	223.315	0.241168
7.24	223.19	0.240469
7.74	223.065	0.243463
8.24	222.94	0.240264
8.74	222.815	0.24505
9.24	222.69	0.239755
9.74	222.565	0.250873
10.24	222.44	0.24491
10.74	222.315	0.244311
11.24	222.19	0.244042
11.74	222.065	0.245719
12.24	221.94	0.244102
12.74	221.815	0.245459
13.24	221.69	0.246452
13.74	221.565	0.243054
14.24	221.44	0.246302
14.74	221.315	0.247839
15.24	221.19	0.255614
15.74	221.065	0.252515
16.24	220.94	0.249511
16.74	220.815	0.253658
17.24	220.69	0.256337
17.74	220.565	0.255774
18.24	220.44	0.25753
18.74	220.315	0.263438
19.24	220.19	0.256911
19.74	220.065	0.253523
20.24	219.94	0.259072
20.74	219.815	0.259322
21.24	219.69	0.260734
21.74	219.565	0.258738
22.24	219.44	0.256667
22.74	219.315	0.259421
23.24	219.19	0.267959
23.74	219.065	0.257191
24.24	218.94	0.263827
24.74	218.815	0.271278
25.24	218.69	0.26762
25.74	218.565	0.264841
26.24	218.44	0.405813
26.74	218.315	0.571467
27.24	218.19	0.646367
27.74	218.065	0.770843
28.24	217.94	0.812285
28.74	217.815	0.813199
29.24	217.69	0.814975
29.74	217.565	0.815778
30.24	217.44	0.81506
30.74	217.315	0.813338
31.24	217.19	0.814217
31.74	217.065	0.813942
32.24	216.94	0.814097
32.74	216.815	0.814132
33.24	216.69	0.814446
33.74	216.565	0.811617
34.24	216.44	0.813633
34.74	216.315	0.812924
35.24	216.19	0.813488
35.74	216.065	0.816327
36.24	215.94	0.812924
36.74	215.815	0.814566
37.24	215.69	0.815813
37.74	215.565	0.814975
38.24	215.44	0.816712
38.74	215.315	0.815978
39.24	215.19	0.816228
39.74	215.065	0.81769
40.24	214.94	0.816592
40.74	214.815	0.816662
41.24	214.69	0.81733
41.74	214.565	0.817146
42.24	214.44	0.817545
42.74	214.315	0.816766
43.24	214.19	0.817839
43.74	214.065	0.819416
44.24	213.94	0.819197
44.74	213.815	0.81994
45.24	213.69	0.82011
45.74	213.565	0.820085
46.24	213.44	0.818967
46.74	213.315	0.820324
47.24	213.19	0.820045
47.74	213.065	0.821422
48.24	212.94	0.820105
48.74	212.815	0.820489
49.24	212.69	0.819686
49.74	212.565	0.81996
50.24	212.44	0.819501
50.74	212.315	0.821232
51.24	212.19	0.821717
51.74	212.065	0.820848
52.24	211.94	0.822091
52.74	211.815	0.821113
53.24	211.69	0.82015
53.74	211.565	0.819915
54.24	211.44	0.819391
54.74	211.315	0.818717
55.24	211.19	0.820763
55.74	211.065	0.822036
56.24	210.94	0.820145
56.74	210.815	0.822365
57.24	210.69	0.822819
57.74	210.565	0.821742
58.24	210.44	0.821043
58.74	210.315	0.821098
59.24	210.19	0.822615
59.74	210.065	0.821487
