0.245	239.939	0.0917391
0.74	239.815	0.0902971
1.24	239.69	0.0884275
1.74	239.565	0.0888551
2.24	239.44	0.0913406
2.74	239.315	0.0917029
3.24	239.19	0.0907899
3.74	239.065	0.0910942
4.24	238.94	0.0909638
4.74	238.815	0.0898188
5.24	238.69	0.0906159
5.74	238.565	0.0907029
6.24	238.44	0.0904493
6.74	238.315	0.0922971
7.24	238.19	0.0898188
7.74	238.065	0.0930218
8.24	237.94	0.0919203
8.74	237.815	0.0930217
9.24	237.69	0.0922753
9.74	237.565	0.0915362
10.24	237.44	0.0920218
10.74	237.315	0.0905797
11.24	237.19	0.091529
11.74	237.065	0.0948768
12.24	236.94	0.092529
12.74	236.815	0.0905507
13.24	236.69	0.0922319
13.74	236.565	0.0938551
14.24	236.44	0.0922247
14.74	236.315	0.0931884
15.24	236.19	0.0926957
15.74	236.065	0.095413
16.24	235.94	0.0922971
16.74	235.815	0.0952319
17.24	235.69	0.0936522
17.74	235.565	0.0926739
18.24	235.44	0.0940797
18.74	235.315	0.0982174
19.24	235.19	0.0946594
19.74	235.065	0.0955942
20.24	234.94	0.0952029
20.74	234.815	0.0988551
21.24	234.69	0.0975001
21.74	234.565	0.0946087
22.24	234.44	0.0949348
22.74	234.315	0.0951739
23.24	234.19	0.096971
23.74	234.065	0.0961449
24.24	233.94	0.0975797
24.74	233.815	0.0989131
25.24	233.69	0.095558
25.74	233.565	0.094058
26.24	233.44	0.095442
26.74	233.315	0.0972174
27.24	233.19	0.0982101
27.74	233.065	0.0989131
28.24	232.94	0.0987029
28.74	232.815	0.100159
29.24	232.69	0.0997826
29.74	232.565	0.0978406
30.24	232.44	0.0972391
30.74	232.315	0.0987898
31.24	232.19	0.101044
31.74	232.065	0.0970652
32.24	231.94	0.100283
32.74	231.815	0.100297
33.24	231.69	0.101442
33.74	231.565	0.100891
34.24	231.44	0.101065
34.74	231.315	0.0986739
35.24	231.19	0.102406
35.74	231.065	0.101384
36.24	230.94	0.101246
36.74	230.815	0.102138
37.24	230.69	0.100949
37.74	230.565	0.102594
38.24	230.44	0.101717
38.74	230.315	0.102138
39.24	230.19	0.101123
39.74	230.065	0.101935
40.24	229.94	0.103558
40.74	229.815	0.100565
41.24	229.69	0.103609
41.74	229.565	0.104471
42.24	229.44	0.100935
42.74	229.315	0.104406
43.24	229.19	0.122819
43.74	229.065	0.424159
44.24	228.94	0.574246
44.74	228.815	0.577188
45.24	228.69	0.576739
45.74	228.565	0.577464
46.24	228.44	0.576783
46.74	228.315	0.577362
47.24	228.19	0.572833
47.74	228.065	0.573152
48.24	227.94	0.575022
48.74	227.815	0.574268
49.24	227.69	0.573377
49.74	227.565	0.572985
50.24	227.44	0.567703
50.74	227.315	0.567507
51.24	227.19	0.566906
51.74	227.065	0.566899
52.24	226.94	0.565681
52.74	226.815	0.568152
53.24	226.69	0.567812
53.74	226.565	0.566449
54.24	226.44	0.567428
54.74	226.315	0.570167
55.24	226.19	0.568319
55.74	226.065	0.566855
56.24	225.94	0.567043
56.74	225.815	0.569493
57.24	225.69	0.570145
57.74	225.565	0.571167
58.24	225.44	0.570913
58.74	225.315	0.571217
59.24	225.19	0.571507
59.74	225.065	0.573051
60.24	224.94	0.575261
60.74	224.815	0.574761
61.24	224.69	0.57608
61.74	224.565	0.575826
62.24	224.44	0.575449
62.74	224.315	0.575319
63.24	224.19	0.57692
63.74	224.065	0.576391
64.24	223.94	0.576826
64.74	223.815	0.575116
65.24	223.69	0.575739
65.74	223.565	0.57721
66.24	223.44	0.576486
66.74	223.315	0.576652
67.24	223.19	0.576957
67.74	223.065	0.576239
68.24	222.94	0.575797
68.74	222.815	0.576138
69.24	222.69	0.577754
69.74	222.565	0.577217
70.24	222.44	0.576667
70.74	222.315	0.574268
71.24	222.19	0.575906
71.74	222.065	0.576761
72.24	221.94	0.575341
72.74	221.815	0.576587
73.24	221.69	0.576956
73.74	221.565	0.57537
74.24	221.44	0.576884
74.74	221.315	0.575739
75.24	221.19	0.577102
75.74	221.065	0.576246
76.24	220.94	0.576942
76.74	220.815	0.576986
77.24	220.69	0.575942
77.74	220.565	0.577841
78.24	220.44	0.576413
78.74	220.315	0.576362
79.24	220.19	0.577797
79.74	220.065	0.577732
