1	0	2389	0.033005
1	10000	2389	0.033005
1	20000	2358	0.0325767
1	30000	2377	0.0328392
1	40000	2393	0.0330603
1	50000	2383	0.0329221
1	60000	2396	0.0331017
1	70000	2402	0.0331846
1	80000	2382	0.0329083
1	90000	2393	0.0330603
1	100000	2384	0.0329359
1	110000	2371	0.0327563
1	120000	2395	0.0330879
1	130000	2377	0.0328392
1	140000	2365	0.0326734
1	150000	2383	0.0329221
1	160000	2385	0.0329498
1	170000	2369	0.0327287
1	180000	2390	0.0330188
1	190000	2379	0.0328669
1	200000	2377	0.0328392
1	210000	2386	0.0329636
1	220000	2378	0.032853
1	230000	2398	0.0331294
1	240000	2373	0.032784
1	250000	2383	0.0329221
1	260000	2376	0.0328254
1	270000	2380	0.0328807
1	280000	2384	0.0329359
1	290000	2398	0.0331294
1	300000	2354	0.0325215
1	310000	2400	0.033157
1	320000	2375	0.0328116
1	330000	2400	0.033157
1	340000	2371	0.0327563
1	350000	2385	0.0329498
1	360000	2366	0.0326873
1	370000	2377	0.0328392
1	380000	2387	0.0329774
1	390000	2374	0.0327978
1	400000	2362	0.032632
1	410000	2390	0.0330188
1	420000	2371	0.0327563
1	430000	2399	0.0331432
1	440000	2382	0.0329083
1	450000	2394	0.0330741
1	460000	2371	0.0327563
1	470000	2378	0.032853
1	480000	2372	0.0327702
1	490000	2393	0.0330603
1	500000	2376	0.0328254
1	510000	2397	0.0331155
1	520000	2380	0.0328807
1	530000	2389	0.033005
1	540000	2363	0.0326458
1	550000	2385	0.0329498
1	560000	2378	0.032853
1	570000	2379	0.0328669
1	580000	2382	0.0329083
1	590000	2384	0.0329359
1	600000	2383	0.0329221
1	610000	2373	0.032784
1	620000	2375	0.0328116
1	630000	2370	0.0327425
1	640000	2383	0.0329221
1	650000	2363	0.0326458
1	660000	2378	0.032853
1	670000	2380	0.0328807
1	680000	2380	0.0328807
1	690000	2355	0.0325353
1	700000	2353	0.0325077
1	710000	2364	0.0326596
1	720000	2380	0.0328807
1	730000	2368	0.0327149
1	740000	2394	0.0330741
1	750000	2388	0.0329912
1	760000	2390	0.0330188
1	770000	2367	0.0327011
1	780000	2388	0.0329912
1	790000	2376	0.0328254
1	800000	2369	0.0327287
1	810000	2383	0.0329221
1	820000	2381	0.0328945
1	830000	2380	0.0328807
1	840000	2376	0.0328254
1	850000	2410	0.0332951
1	860000	2378	0.032853
1	870000	2379	0.0328669
1	880000	2367	0.0327011
1	890000	2376	0.0328254
1	900000	2386	0.0329636
1	910000	2380	0.0328807
1	920000	2388	0.0329912
1	930000	2373	0.032784
1	940000	2381	0.0328945
1	950000	2385	0.0329498
1	960000	2352	0.0324938
1	970000	2373	0.032784
1	980000	2366	0.0326873
1	990000	2387	0.0329774
1	1000000	2350	0.0324662
2	0	2357	0.0325629
2	10000	2357	0.0325629
2	20000	2382	0.0329083
2	30000	2378	0.032853
2	40000	2387	0.0329774
2	50000	2390	0.0330188
2	60000	2385	0.0329498
2	70000	2376	0.0328254
2	80000	2352	0.0324938
2	90000	2398	0.0331294
2	100000	2404	0.0332122
2	110000	2387	0.0329774
2	120000	2404	0.0332122
2	130000	2383	0.0329221
2	140000	2390	0.0330188
2	150000	2361	0.0326182
2	160000	2406	0.0332399
2	170000	2355	0.0325353
2	180000	2371	0.0327563
2	190000	2357	0.0325629
2	200000	2391	0.0330326
2	210000	2378	0.032853
2	220000	2370	0.0327425
2	230000	2366	0.0326873
2	240000	2393	0.0330603
2	250000	2377	0.0328392
2	260000	2372	0.0327702
2	270000	2389	0.033005
2	280000	2382	0.0329083
2	290000	2381	0.0328945
2	300000	2384	0.0329359
2	310000	2354	0.0325215
2	320000	2384	0.0329359
2	330000	2390	0.0330188
2	340000	2368	0.0327149
2	350000	2376	0.0328254
2	360000	2370	0.0327425
2	370000	2402	0.0331846
2	380000	2377	0.0328392
2	390000	2375	0.0328116
2	400000	2375	0.0328116
2	410000	2363	0.0326458
2	420000	2375	0.0328116
2	430000	2377	0.0328392
2	440000	2408	0.0332675
2	450000	2399	0.0331432
2	460000	2377	0.0328392
2	470000	2407	0.0332537
2	480000	2385	0.0329498
2	490000	2378	0.032853
2	500000	2370	0.0327425
2	510000	2399	0.0331432
2	520000	2368	0.0327149
2	530000	2366	0.0326873
2	540000	2384	0.0329359
2	550000	2371	0.0327563
2	560000	2374	0.0327978
2	570000	2374	0.0327978
2	580000	2402	0.0331846
2	590000	2366	0.0326873
2	600000	2372	0.0327702
2	610000	2376	0.0328254
2	620000	2367	0.0327011
2	630000	2368	0.0327149
2	640000	2387	0.0329774
2	650000	2388	0.0329912
2	660000	2389	0.033005
2	670000	2383	0.0329221
2	680000	2367	0.0327011
2	690000	2395	0.0330879
2	700000	2384	0.0329359
2	710000	2361	0.0326182
2	720000	2350	0.0324662
2	730000	2373	0.032784
2	740000	2400	0.033157
2	750000	2367	0.0327011
2	760000	2394	0.0330741
2	770000	2366	0.0326873
2	780000	2367	0.0327011
2	790000	2359	0.0325906
2	800000	2383	0.0329221
2	810000	2388	0.0329912
2	820000	2389	0.033005
2	830000	2425	0.0335024
2	840000	2387	0.0329774
2	850000	2380	0.0328807
2	860000	2389	0.033005
2	870000	2383	0.0329221
2	880000	2364	0.0326596
2	890000	2397	0.0331155
2	900000	2380	0.0328807
2	910000	2363	0.0326458
2	920000	2386	0.0329636
2	930000	2392	0.0330465
2	940000	2383	0.0329221
2	950000	2372	0.0327702
2	960000	2363	0.0326458
2	970000	2384	0.0329359
2	980000	2363	0.0326458
2	990000	2368	0.0327149
2	1000000	2367	0.0327011
3	0	2388	0.0329912
3	10000	2385	0.0329498
3	20000	2397	0.0331155
3	30000	2387	0.0329774
3	40000	2389	0.033005
3	50000	2396	0.0331017
3	60000	2388	0.0329912
3	70000	2371	0.0327563
3	80000	2402	0.0331846
3	90000	2389	0.033005
3	100000	2367	0.0327011
3	110000	2351	0.03248
3	120000	2387	0.0329774
3	130000	2396	0.0331017
3	140000	2384	0.0329359
3	150000	2410	0.0332951
3	160000	2396	0.0331017
3	170000	2400	0.033157
3	180000	2375	0.0328116
3	190000	2393	0.0330603
3	200000	2360	0.0326044
3	210000	2412	0.0333228
3	220000	2394	0.0330741
3	230000	2377	0.0328392
3	240000	2371	0.0327563
3	250000	2381	0.0328945
3	260000	2379	0.0328669
3	270000	2381	0.0328945
3	280000	2372	0.0327702
3	290000	2386	0.0329636
3	300000	2367	0.0327011
3	310000	2375	0.0328116
3	320000	2405	0.0332261
3	330000	2376	0.0328254
3	340000	2389	0.033005
3	350000	2396	0.0331017
3	360000	2381	0.0328945
3	370000	2387	0.0329774
3	380000	2380	0.0328807
3	390000	2380	0.0328807
3	400000	2371	0.0327563
3	410000	2382	0.0329083
3	420000	2403	0.0331984
3	430000	2365	0.0326734
3	440000	2389	0.033005
3	450000	2390	0.0330188
3	460000	2374	0.0327978
3	470000	2387	0.0329774
3	480000	2386	0.0329636
3	490000	2389	0.033005
3	500000	2378	0.032853
3	510000	2376	0.0328254
3	520000	2385	0.0329498
3	530000	2396	0.0331017
3	540000	2394	0.0330741
3	550000	2382	0.0329083
3	560000	2374	0.0327978
3	570000	2385	0.0329498
3	580000	2369	0.0327287
3	590000	2381	0.0328945
3	600000	2385	0.0329498
3	610000	2400	0.033157
3	620000	2390	0.0330188
3	630000	2384	0.0329359
3	640000	2382	0.0329083
3	650000	2403	0.0331984
3	660000	2399	0.0331432
3	670000	2409	0.0332813
3	680000	2386	0.0329636
3	690000	2376	0.0328254
3	700000	2365	0.0326734
3	710000	2392	0.0330465
3	720000	2375	0.0328116
3	730000	2367	0.0327011
3	740000	2379	0.0328669
3	750000	2400	0.033157
3	760000	2400	0.033157
3	770000	2398	0.0331294
3	780000	2383	0.0329221
3	790000	2398	0.0331294
3	800000	2391	0.0330326
3	810000	2362	0.032632
3	820000	2371	0.0327563
3	830000	2368	0.0327149
3	840000	2383	0.0329221
3	850000	2379	0.0328669
3	860000	2371	0.0327563
3	870000	2379	0.0328669
3	880000	2386	0.0329636
3	890000	2373	0.032784
3	900000	2383	0.0329221
3	910000	2383	0.0329221
3	920000	2373	0.032784
3	930000	2409	0.0332813
3	940000	2380	0.0328807
3	950000	2375	0.0328116
3	960000	2359	0.0325906
3	970000	2393	0.0330603
3	980000	2341	0.0323419
3	990000	2391	0.0330326
3	1000000	2352	0.0324938
4	0	2374	0.0327978
4	10000	2381	0.0328945
4	20000	2368	0.0327149
4	30000	2374	0.0327978
4	40000	2388	0.0329912
4	50000	2387	0.0329774
4	60000	2384	0.0329359
4	70000	2381	0.0328945
4	80000	2379	0.0328669
4	90000	2386	0.0329636
4	100000	2402	0.0331846
4	110000	2386	0.0329636
4	120000	2388	0.0329912
4	130000	2377	0.0328392
4	140000	2383	0.0329221
4	150000	2372	0.0327702
4	160000	2385	0.0329498
4	170000	2376	0.0328254
4	180000	2370	0.0327425
4	190000	2390	0.0330188
4	200000	2395	0.0330879
4	210000	2374	0.0327978
4	220000	2381	0.0328945
4	230000	2402	0.0331846
4	240000	2375	0.0328116
4	250000	2359	0.0325906
4	260000	2379	0.0328669
4	270000	2368	0.0327149
4	280000	2392	0.0330465
4	290000	2398	0.0331294
4	300000	2389	0.033005
4	310000	2396	0.0331017
4	320000	2391	0.0330326
4	330000	2395	0.0330879
4	340000	2385	0.0329498
4	350000	2366	0.0326873
4	360000	2376	0.0328254
4	370000	2393	0.0330603
4	380000	2382	0.0329083
4	390000	2388	0.0329912
4	400000	2379	0.0328669
4	410000	2354	0.0325215
4	420000	2360	0.0326044
4	430000	2394	0.0330741
4	440000	2383	0.0329221
4	450000	2368	0.0327149
4	460000	2400	0.033157
4	470000	2349	0.0324524
4	480000	2365	0.0326734
4	490000	2357	0.0325629
4	500000	2379	0.0328669
4	510000	2379	0.0328669
4	520000	2385	0.0329498
4	530000	2397	0.0331155
4	540000	2374	0.0327978
4	550000	2393	0.0330603
4	560000	2354	0.0325215
4	570000	2372	0.0327702
4	580000	2395	0.0330879
4	590000	2381	0.0328945
4	600000	2400	0.033157
4	610000	2387	0.0329774
4	620000	2371	0.0327563
4	630000	2390	0.0330188
4	640000	2387	0.0329774
4	650000	2403	0.0331984
4	660000	2377	0.0328392
4	670000	2390	0.0330188
4	680000	2382	0.0329083
4	690000	2381	0.0328945
4	700000	2361	0.0326182
4	710000	2376	0.0328254
4	720000	2406	0.0332399
4	730000	2382	0.0329083
4	740000	2388	0.0329912
4	750000	2391	0.0330326
4	760000	2361	0.0326182
4	770000	2393	0.0330603
4	780000	2396	0.0331017
4	790000	2391	0.0330326
4	800000	2380	0.0328807
4	810000	2377	0.0328392
4	820000	2386	0.0329636
4	830000	2389	0.033005
4	840000	2380	0.0328807
4	850000	2368	0.0327149
4	860000	2370	0.0327425
4	870000	2391	0.0330326
4	880000	2405	0.0332261
4	890000	2374	0.0327978
4	900000	2386	0.0329636
4	910000	2392	0.0330465
4	920000	2364	0.0326596
4	930000	2369	0.0327287
4	940000	2360	0.0326044
4	950000	2395	0.0330879
4	960000	2373	0.032784
4	970000	2346	0.032411
4	980000	2378	0.032853
4	990000	2391	0.0330326
4	1000000	2359	0.0325906
5	0	2346	0.032411
5	10000	2424	0.0334886
5	20000	2388	0.0329912
5	30000	2370	0.0327425
5	40000	2371	0.0327563
5	50000	2369	0.0327287
5	60000	2420	0.0334333
5	70000	2390	0.0330188
5	80000	2391	0.0330326
5	90000	2377	0.0328392
5	100000	2388	0.0329912
5	110000	2400	0.033157
5	120000	2389	0.033005
5	130000	2378	0.032853
5	140000	2369	0.0327287
5	150000	2372	0.0327702
5	160000	2383	0.0329221
5	170000	2390	0.0330188
5	180000	2385	0.0329498
5	190000	2364	0.0326596
5	200000	2392	0.0330465
5	210000	2381	0.0328945
5	220000	2374	0.0327978
5	230000	2382	0.0329083
5	240000	2393	0.0330603
5	250000	2373	0.032784
5	260000	2373	0.032784
5	270000	2379	0.0328669
5	280000	2366	0.0326873
5	290000	2394	0.0330741
5	300000	2402	0.0331846
5	310000	2388	0.0329912
5	320000	2386	0.0329636
5	330000	2364	0.0326596
5	340000	2404	0.0332122
5	350000	2360	0.0326044
5	360000	2384	0.0329359
5	370000	2389	0.033005
5	380000	2366	0.0326873
5	390000	2369	0.0327287
5	400000	2371	0.0327563
5	410000	2369	0.0327287
5	420000	2365	0.0326734
5	430000	2392	0.0330465
5	440000	2395	0.0330879
5	450000	2365	0.0326734
5	460000	2354	0.0325215
5	470000	2373	0.032784
5	480000	2372	0.0327702
5	490000	2386	0.0329636
5	500000	2382	0.0329083
5	510000	2383	0.0329221
5	520000	2372	0.0327702
5	530000	2374	0.0327978
5	540000	2406	0.0332399
5	550000	2387	0.0329774
5	560000	2380	0.0328807
5	570000	2392	0.0330465
5	580000	2378	0.032853
5	590000	2406	0.0332399
5	600000	2366	0.0326873
5	610000	2388	0.0329912
5	620000	2393	0.0330603
5	630000	2381	0.0328945
5	640000	2394	0.0330741
5	650000	2361	0.0326182
5	660000	2384	0.0329359
5	670000	2375	0.0328116
5	680000	2392	0.0330465
5	690000	2374	0.0327978
5	700000	2395	0.0330879
5	710000	2386	0.0329636
5	720000	2347	0.0324248
5	730000	2374	0.0327978
5	740000	2362	0.032632
5	750000	2398	0.0331294
5	760000	2394	0.0330741
5	770000	2379	0.0328669
5	780000	2373	0.032784
5	790000	2385	0.0329498
5	800000	2374	0.0327978
5	810000	2375	0.0328116
5	820000	2385	0.0329498
5	830000	2373	0.032784
5	840000	2367	0.0327011
5	850000	2381	0.0328945
5	860000	2369	0.0327287
5	870000	2359	0.0325906
5	880000	2375	0.0328116
5	890000	2397	0.0331155
5	900000	2368	0.0327149
5	910000	2389	0.033005
5	920000	2358	0.0325767
5	930000	2370	0.0327425
5	940000	2368	0.0327149
5	950000	2372	0.0327702
5	960000	2365	0.0326734
5	970000	2373	0.032784
5	980000	2383	0.0329221
5	990000	2404	0.0332122
5	1000000	2380	0.0328807
6	0	2378	0.032853
6	10000	2376	0.0328254
6	20000	2378	0.032853
6	30000	2390	0.0330188
6	40000	2385	0.0329498
6	50000	2379	0.0328669
6	60000	2389	0.033005
6	70000	2397	0.0331155
6	80000	2379	0.0328669
6	90000	2375	0.0328116
6	100000	2377	0.0328392
6	110000	2373	0.032784
6	120000	2370	0.0327425
6	130000	2367	0.0327011
6	140000	2361	0.0326182
6	150000	2417	0.0333918
6	160000	2350	0.0324662
6	170000	2374	0.0327978
6	180000	2378	0.032853
6	190000	2392	0.0330465
6	200000	2388	0.0329912
6	210000	2374	0.0327978
6	220000	2396	0.0331017
6	230000	2403	0.0331984
6	240000	2391	0.0330326
6	250000	2381	0.0328945
6	260000	2354	0.0325215
6	270000	2355	0.0325353
6	280000	2362	0.032632
6	290000	2394	0.0330741
6	300000	2379	0.0328669
6	310000	2372	0.0327702
6	320000	2382	0.0329083
6	330000	2389	0.033005
6	340000	2354	0.0325215
6	350000	2384	0.0329359
6	360000	2382	0.0329083
6	370000	2381	0.0328945
6	380000	2376	0.0328254
6	390000	2374	0.0327978
6	400000	2373	0.032784
6	410000	2389	0.033005
6	420000	2369	0.0327287
6	430000	2366	0.0326873
6	440000	2371	0.0327563
6	450000	2380	0.0328807
6	460000	2367	0.0327011
6	470000	2366	0.0326873
6	480000	2378	0.032853
6	490000	2378	0.032853
6	500000	2386	0.0329636
6	510000	2379	0.0328669
6	520000	2384	0.0329359
6	530000	2387	0.0329774
6	540000	2389	0.033005
6	550000	2382	0.0329083
6	560000	2374	0.0327978
6	570000	2386	0.0329636
6	580000	2389	0.033005
6	590000	2365	0.0326734
6	600000	2359	0.0325906
6	610000	2403	0.0331984
6	620000	2384	0.0329359
6	630000	2388	0.0329912
6	640000	2396	0.0331017
6	650000	2380	0.0328807
6	660000	2379	0.0328669
6	670000	2405	0.0332261
6	680000	2392	0.0330465
6	690000	2368	0.0327149
6	700000	2385	0.0329498
6	710000	2372	0.0327702
6	720000	2361	0.0326182
6	730000	2381	0.0328945
6	740000	2387	0.0329774
6	750000	2375	0.0328116
6	760000	2392	0.0330465
6	770000	2361	0.0326182
6	780000	2385	0.0329498
6	790000	2376	0.0328254
6	800000	2371	0.0327563
6	810000	2369	0.0327287
6	820000	2367	0.0327011
6	830000	2379	0.0328669
6	840000	2381	0.0328945
6	850000	2359	0.0325906
6	860000	2367	0.0327011
6	870000	2380	0.0328807
6	880000	2380	0.0328807
6	890000	2375	0.0328116
6	900000	2381	0.0328945
6	910000	2411	0.033309
6	920000	2374	0.0327978
6	930000	2363	0.0326458
6	940000	2377	0.0328392
6	950000	2399	0.0331432
6	960000	2369	0.0327287
6	970000	2399	0.0331432
6	980000	2410	0.0332951
6	990000	2394	0.0330741
6	1000000	2388	0.0329912
7	0	2388	0.0329912
7	10000	2367	0.0327011
7	20000	2382	0.0329083
7	30000	2386	0.0329636
7	40000	2370	0.0327425
7	50000	2397	0.0331155
7	60000	2386	0.0329636
7	70000	2382	0.0329083
7	80000	2386	0.0329636
7	90000	2389	0.033005
7	100000	2387	0.0329774
7	110000	2369	0.0327287
7	120000	2375	0.0328116
7	130000	2384	0.0329359
7	140000	2393	0.0330603
7	150000	2394	0.0330741
7	160000	2387	0.0329774
7	170000	2392	0.0330465
7	180000	2384	0.0329359
7	190000	2380	0.0328807
7	200000	2382	0.0329083
7	210000	2382	0.0329083
7	220000	2386	0.0329636
7	230000	2381	0.0328945
7	240000	2381	0.0328945
7	250000	2390	0.0330188
7	260000	2385	0.0329498
7	270000	2362	0.032632
7	280000	2387	0.0329774
7	290000	2392	0.0330465
7	300000	2373	0.032784
7	310000	2383	0.0329221
7	320000	2384	0.0329359
7	330000	2373	0.032784
7	340000	2397	0.0331155
7	350000	2384	0.0329359
7	360000	2372	0.0327702
7	370000	2399	0.0331432
7	380000	2370	0.0327425
7	390000	2383	0.0329221
7	400000	2373	0.032784
7	410000	2381	0.0328945
7	420000	2401	0.0331708
7	430000	2367	0.0327011
7	440000	2398	0.0331294
7	450000	2375	0.0328116
7	460000	2394	0.0330741
7	470000	2367	0.0327011
7	480000	2378	0.032853
7	490000	2347	0.0324248
7	500000	2392	0.0330465
7	510000	2392	0.0330465
7	520000	2370	0.0327425
7	530000	2384	0.0329359
7	540000	2404	0.0332122
7	550000	2373	0.032784
7	560000	2378	0.032853
7	570000	2372	0.0327702
7	580000	2374	0.0327978
7	590000	2368	0.0327149
7	600000	2399	0.0331432
7	610000	2375	0.0328116
7	620000	2378	0.032853
7	630000	2361	0.0326182
7	640000	2386	0.0329636
7	650000	2384	0.0329359
7	660000	2370	0.0327425
7	670000	2376	0.0328254
7	680000	2377	0.0328392
7	690000	2376	0.0328254
7	700000	2377	0.0328392
7	710000	2392	0.0330465
7	720000	2389	0.033005
7	730000	2359	0.0325906
7	740000	2374	0.0327978
7	750000	2365	0.0326734
7	760000	2370	0.0327425
7	770000	2385	0.0329498
7	780000	2358	0.0325767
7	790000	2380	0.0328807
7	800000	2379	0.0328669
7	810000	2365	0.0326734
7	820000	2382	0.0329083
7	830000	2391	0.0330326
7	840000	2389	0.033005
7	850000	2359	0.0325906
7	860000	2383	0.0329221
7	870000	2357	0.0325629
7	880000	2368	0.0327149
7	890000	2414	0.0333504
7	900000	2397	0.0331155
7	910000	2360	0.0326044
7	920000	2365	0.0326734
7	930000	2364	0.0326596
7	940000	2405	0.0332261
7	950000	2400	0.033157
7	960000	2378	0.032853
7	970000	2387	0.0329774
7	980000	2363	0.0326458
7	990000	2365	0.0326734
7	1000000	2376	0.0328254
8	0	2360	0.0326044
8	10000	2388	0.0329912
8	20000	2366	0.0326873
8	30000	2376	0.0328254
8	40000	2386	0.0329636
8	50000	2385	0.0329498
8	60000	2385	0.0329498
8	70000	2355	0.0325353
8	80000	2377	0.0328392
8	90000	2391	0.0330326
8	100000	2385	0.0329498
8	110000	2374	0.0327978
8	120000	2384	0.0329359
8	130000	2368	0.0327149
8	140000	2364	0.0326596
8	150000	2380	0.0328807
8	160000	2393	0.0330603
8	170000	2403	0.0331984
8	180000	2373	0.032784
8	190000	2367	0.0327011
8	200000	2374	0.0327978
8	210000	2368	0.0327149
8	220000	2390	0.0330188
8	230000	2384	0.0329359
8	240000	2378	0.032853
8	250000	2380	0.0328807
8	260000	2370	0.0327425
8	270000	2380	0.0328807
8	280000	2389	0.033005
8	290000	2386	0.0329636
8	300000	2368	0.0327149
8	310000	2371	0.0327563
8	320000	2386	0.0329636
8	330000	2394	0.0330741
8	340000	2354	0.0325215
8	350000	2376	0.0328254
8	360000	2391	0.0330326
8	370000	2378	0.032853
8	380000	2376	0.0328254
8	390000	2393	0.0330603
8	400000	2370	0.0327425
8	410000	2384	0.0329359
8	420000	2379	0.0328669
8	430000	2345	0.0323971
8	440000	2395	0.0330879
8	450000	2393	0.0330603
8	460000	2402	0.0331846
8	470000	2385	0.0329498
8	480000	2385	0.0329498
8	490000	2376	0.0328254
8	500000	2387	0.0329774
8	510000	2367	0.0327011
8	520000	2386	0.0329636
8	530000	2355	0.0325353
8	540000	2387	0.0329774
8	550000	2391	0.0330326
8	560000	2394	0.0330741
8	570000	2380	0.0328807
8	580000	2391	0.0330326
8	590000	2380	0.0328807
8	600000	2383	0.0329221
8	610000	2367	0.0327011
8	620000	2384	0.0329359
8	630000	2396	0.0331017
8	640000	2384	0.0329359
8	650000	2387	0.0329774
8	660000	2380	0.0328807
8	670000	2403	0.0331984
8	680000	2365	0.0326734
8	690000	2359	0.0325906
8	700000	2359	0.0325906
8	710000	2365	0.0326734
8	720000	2380	0.0328807
8	730000	2395	0.0330879
8	740000	2385	0.0329498
8	750000	2376	0.0328254
8	760000	2376	0.0328254
8	770000	2366	0.0326873
8	780000	2387	0.0329774
8	790000	2365	0.0326734
8	800000	2381	0.0328945
8	810000	2376	0.0328254
8	820000	2398	0.0331294
8	830000	2397	0.0331155
8	840000	2388	0.0329912
8	850000	2380	0.0328807
8	860000	2376	0.0328254
8	870000	2366	0.0326873
8	880000	2383	0.0329221
8	890000	2373	0.032784
8	900000	2387	0.0329774
8	910000	2371	0.0327563
8	920000	2376	0.0328254
8	930000	2366	0.0326873
8	940000	2380	0.0328807
8	950000	2382	0.0329083
8	960000	2382	0.0329083
8	970000	2374	0.0327978
8	980000	2383	0.0329221
8	990000	2387	0.0329774
8	1000000	2394	0.0330741
9	0	2381	0.0328945
9	10000	2391	0.0330326
9	20000	2388	0.0329912
9	30000	2387	0.0329774
9	40000	2377	0.0328392
9	50000	2384	0.0329359
9	60000	2388	0.0329912
9	70000	2383	0.0329221
9	80000	2396	0.0331017
9	90000	2393	0.0330603
9	100000	2383	0.0329221
9	110000	2370	0.0327425
9	120000	2383	0.0329221
9	130000	2368	0.0327149
9	140000	2376	0.0328254
9	150000	2367	0.0327011
9	160000	2381	0.0328945
9	170000	2366	0.0326873
9	180000	2376	0.0328254
9	190000	2362	0.032632
9	200000	2371	0.0327563
9	210000	2385	0.0329498
9	220000	2398	0.0331294
9	230000	2382	0.0329083
9	240000	2396	0.0331017
9	250000	2405	0.0332261
9	260000	2388	0.0329912
9	270000	2384	0.0329359
9	280000	2383	0.0329221
9	290000	2382	0.0329083
9	300000	2376	0.0328254
9	310000	2398	0.0331294
9	320000	2373	0.032784
9	330000	2396	0.0331017
9	340000	2405	0.0332261
9	350000	2386	0.0329636
9	360000	2374	0.0327978
9	370000	2389	0.033005
9	380000	2384	0.0329359
9	390000	2384	0.0329359
9	400000	2388	0.0329912
9	410000	2381	0.0328945
9	420000	2380	0.0328807
9	430000	2374	0.0327978
9	440000	2421	0.0334471
9	450000	2373	0.032784
9	460000	2367	0.0327011
9	470000	2392	0.0330465
9	480000	2401	0.0331708
9	490000	2405	0.0332261
9	500000	2368	0.0327149
9	510000	2375	0.0328116
9	520000	2382	0.0329083
9	530000	2366	0.0326873
9	540000	2399	0.0331432
9	550000	2367	0.0327011
9	560000	2401	0.0331708
9	570000	2386	0.0329636
9	580000	2388	0.0329912
9	590000	2375	0.0328116
9	600000	2360	0.0326044
9	610000	2388	0.0329912
9	620000	2382	0.0329083
9	630000	2378	0.032853
9	640000	2386	0.0329636
9	650000	2385	0.0329498
9	660000	2409	0.0332813
9	670000	2379	0.0328669
9	680000	2388	0.0329912
9	690000	2385	0.0329498
9	700000	2375	0.0328116
9	710000	2384	0.0329359
9	720000	2364	0.0326596
9	730000	2352	0.0324938
9	740000	2378	0.032853
9	750000	2397	0.0331155
9	760000	2369	0.0327287
9	770000	2389	0.033005
9	780000	2362	0.032632
9	790000	2391	0.0330326
9	800000	2378	0.032853
9	810000	2359	0.0325906
9	820000	2353	0.0325077
9	830000	2385	0.0329498
9	840000	2390	0.0330188
9	850000	2349	0.0324524
9	860000	2359	0.0325906
9	870000	2394	0.0330741
9	880000	2393	0.0330603
9	890000	2380	0.0328807
9	900000	2377	0.0328392
9	910000	2375	0.0328116
9	920000	2380	0.0328807
9	930000	2361	0.0326182
9	940000	2374	0.0327978
9	950000	2373	0.032784
9	960000	2394	0.0330741
9	970000	2366	0.0326873
9	980000	2380	0.0328807
9	990000	2373	0.032784
9	1000000	2360	0.0326044
10	0	2384	0.0329359
10	10000	2400	0.033157
10	20000	2390	0.0330188
10	30000	2381	0.0328945
10	40000	2387	0.0329774
10	50000	2382	0.0329083
10	60000	2383	0.0329221
10	70000	2393	0.0330603
10	80000	2384	0.0329359
10	90000	2392	0.0330465
10	100000	2393	0.0330603
10	110000	2397	0.0331155
10	120000	2402	0.0331846
10	130000	2384	0.0329359
10	140000	2374	0.0327978
10	150000	2362	0.032632
10	160000	2385	0.0329498
10	170000	2367	0.0327011
10	180000	2394	0.0330741
10	190000	2394	0.0330741
10	200000	2408	0.0332675
10	210000	2384	0.0329359
10	220000	2398	0.0331294
10	230000	2361	0.0326182
10	240000	2393	0.0330603
10	250000	2398	0.0331294
10	260000	2358	0.0325767
10	270000	2370	0.0327425
10	280000	2394	0.0330741
10	290000	2405	0.0332261
10	300000	2350	0.0324662
10	310000	2375	0.0328116
10	320000	2376	0.0328254
10	330000	2386	0.0329636
10	340000	2386	0.0329636
10	350000	2401	0.0331708
10	360000	2387	0.0329774
10	370000	2382	0.0329083
10	380000	2375	0.0328116
10	390000	2385	0.0329498
10	400000	2385	0.0329498
10	410000	2383	0.0329221
10	420000	2391	0.0330326
10	430000	2371	0.0327563
10	440000	2378	0.032853
10	450000	2384	0.0329359
10	460000	2385	0.0329498
10	470000	2351	0.03248
10	480000	2377	0.0328392
10	490000	2397	0.0331155
10	500000	2401	0.0331708
10	510000	2398	0.0331294
10	520000	2390	0.0330188
10	530000	2367	0.0327011
10	540000	2376	0.0328254
10	550000	2362	0.032632
10	560000	2393	0.0330603
10	570000	2415	0.0333642
10	580000	2372	0.0327702
10	590000	2363	0.0326458
10	600000	2396	0.0331017
10	610000	2400	0.033157
10	620000	2391	0.0330326
10	630000	2386	0.0329636
10	640000	2371	0.0327563
10	650000	2396	0.0331017
10	660000	2362	0.032632
10	670000	2380	0.0328807
10	680000	2393	0.0330603
10	690000	2384	0.0329359
10	700000	2383	0.0329221
10	710000	2375	0.0328116
10	720000	2361	0.0326182
10	730000	2356	0.0325491
10	740000	2373	0.032784
10	750000	2391	0.0330326
10	760000	2366	0.0326873
10	770000	2399	0.0331432
10	780000	2375	0.0328116
10	790000	2356	0.0325491
10	800000	2401	0.0331708
10	810000	2368	0.0327149
10	820000	2374	0.0327978
10	830000	2396	0.0331017
10	840000	2384	0.0329359
10	850000	2374	0.0327978
10	860000	2391	0.0330326
10	870000	2390	0.0330188
10	880000	2377	0.0328392
10	890000	2384	0.0329359
10	900000	2356	0.0325491
10	910000	2384	0.0329359
10	920000	2359	0.0325906
10	930000	2386	0.0329636
10	940000	2373	0.032784
10	950000	2375	0.0328116
10	960000	2382	0.0329083
10	970000	2389	0.033005
10	980000	2381	0.0328945
10	990000	2372	0.0327702
10	1000000	2377	0.0328392
11	0	2372	0.0327702
11	10000	2392	0.0330465
11	20000	2382	0.0329083
11	30000	2369	0.0327287
11	40000	2357	0.0325629
11	50000	2387	0.0329774
11	60000	2346	0.032411
11	70000	2398	0.0331294
11	80000	2393	0.0330603
11	90000	2392	0.0330465
11	100000	2372	0.0327702
11	110000	2379	0.0328669
11	120000	2364	0.0326596
11	130000	2384	0.0329359
11	140000	2367	0.0327011
11	150000	2387	0.0329774
11	160000	2406	0.0332399
11	170000	2375	0.0328116
11	180000	2358	0.0325767
11	190000	2371	0.0327563
11	200000	2381	0.0328945
11	210000	2374	0.0327978
11	220000	2342	0.0323557
11	230000	2399	0.0331432
11	240000	2381	0.0328945
11	250000	2385	0.0329498
11	260000	2378	0.032853
11	270000	2403	0.0331984
11	280000	2407	0.0332537
11	290000	2383	0.0329221
11	300000	2395	0.0330879
11	310000	2366	0.0326873
11	320000	2379	0.0328669
11	330000	2387	0.0329774
11	340000	2389	0.033005
11	350000	2372	0.0327702
11	360000	2385	0.0329498
11	370000	2374	0.0327978
11	380000	2377	0.0328392
11	390000	2378	0.032853
11	400000	2401	0.0331708
11	410000	2375	0.0328116
11	420000	2382	0.0329083
11	430000	2402	0.0331846
11	440000	2388	0.0329912
11	450000	2389	0.033005
11	460000	2410	0.0332951
11	470000	2388	0.0329912
11	480000	2394	0.0330741
11	490000	2384	0.0329359
11	500000	2393	0.0330603
11	510000	2385	0.0329498
11	520000	2365	0.0326734
11	530000	2380	0.0328807
11	540000	2388	0.0329912
11	550000	2383	0.0329221
11	560000	2386	0.0329636
11	570000	2396	0.0331017
11	580000	2365	0.0326734
11	590000	2383	0.0329221
11	600000	2376	0.0328254
11	610000	2360	0.0326044
11	620000	2372	0.0327702
11	630000	2358	0.0325767
11	640000	2362	0.032632
11	650000	2369	0.0327287
11	660000	2386	0.0329636
11	670000	2395	0.0330879
11	680000	2397	0.0331155
11	690000	2387	0.0329774
11	700000	2380	0.0328807
11	710000	2383	0.0329221
11	720000	2387	0.0329774
11	730000	2385	0.0329498
11	740000	2386	0.0329636
11	750000	2395	0.0330879
11	760000	2382	0.0329083
11	770000	2355	0.0325353
11	780000	2377	0.0328392
11	790000	2389	0.033005
11	800000	2393	0.0330603
11	810000	2373	0.032784
11	820000	2376	0.0328254
11	830000	2383	0.0329221
11	840000	2360	0.0326044
11	850000	2397	0.0331155
11	860000	2399	0.0331432
11	870000	2369	0.0327287
11	880000	2387	0.0329774
11	890000	2371	0.0327563
11	900000	2385	0.0329498
11	910000	2383	0.0329221
11	920000	2368	0.0327149
11	930000	2363	0.0326458
11	940000	2376	0.0328254
11	950000	2391	0.0330326
11	960000	2393	0.0330603
11	970000	2370	0.0327425
11	980000	2381	0.0328945
11	990000	2367	0.0327011
11	1000000	2374	0.0327978
12	0	2378	0.032853
12	10000	2389	0.033005
12	20000	2392	0.0330465
12	30000	2400	0.033157
12	40000	2393	0.0330603
12	50000	2378	0.032853
12	60000	2379	0.0328669
12	70000	2378	0.032853
12	80000	2373	0.032784
12	90000	2383	0.0329221
12	100000	2366	0.0326873
12	110000	2368	0.0327149
12	120000	2387	0.0329774
12	130000	2372	0.0327702
12	140000	2389	0.033005
12	150000	2382	0.0329083
12	160000	2379	0.0328669
12	170000	2374	0.0327978
12	180000	2386	0.0329636
12	190000	2376	0.0328254
12	200000	2377	0.0328392
12	210000	2401	0.0331708
12	220000	2389	0.033005
12	230000	2384	0.0329359
12	240000	2370	0.0327425
12	250000	2367	0.0327011
12	260000	2403	0.0331984
12	270000	2382	0.0329083
12	280000	2387	0.0329774
12	290000	2374	0.0327978
12	300000	2383	0.0329221
12	310000	2370	0.0327425
12	320000	2369	0.0327287
12	330000	2361	0.0326182
12	340000	2386	0.0329636
12	350000	2388	0.0329912
12	360000	2372	0.0327702
12	370000	2378	0.032853
12	380000	2383	0.0329221
12	390000	2388	0.0329912
12	400000	2395	0.0330879
12	410000	2399	0.0331432
12	420000	2379	0.0328669
12	430000	2382	0.0329083
12	440000	2398	0.0331294
12	450000	2377	0.0328392
12	460000	2377	0.0328392
12	470000	2372	0.0327702
12	480000	2380	0.0328807
12	490000	2393	0.0330603
12	500000	2392	0.0330465
12	510000	2366	0.0326873
12	520000	2386	0.0329636
12	530000	2377	0.0328392
12	540000	2369	0.0327287
12	550000	2396	0.0331017
12	560000	2395	0.0330879
12	570000	2365	0.0326734
12	580000	2391	0.0330326
12	590000	2370	0.0327425
12	600000	2385	0.0329498
12	610000	2369	0.0327287
12	620000	2390	0.0330188
12	630000	2380	0.0328807
12	640000	2378	0.032853
12	650000	2378	0.032853
12	660000	2382	0.0329083
12	670000	2412	0.0333228
12	680000	2384	0.0329359
12	690000	2362	0.032632
12	700000	2395	0.0330879
12	710000	2396	0.0331017
12	720000	2390	0.0330188
12	730000	2372	0.0327702
12	740000	2366	0.0326873
12	750000	2357	0.0325629
12	760000	2374	0.0327978
12	770000	2370	0.0327425
12	780000	2393	0.0330603
12	790000	2381	0.0328945
12	800000	2383	0.0329221
12	810000	2403	0.0331984
12	820000	2376	0.0328254
12	830000	2378	0.032853
12	840000	2399	0.0331432
12	850000	2388	0.0329912
12	860000	2368	0.0327149
12	870000	2371	0.0327563
12	880000	2365	0.0326734
12	890000	2386	0.0329636
12	900000	2381	0.0328945
12	910000	2364	0.0326596
12	920000	2393	0.0330603
12	930000	2363	0.0326458
12	940000	2392	0.0330465
12	950000	2374	0.0327978
12	960000	2395	0.0330879
12	970000	2369	0.0327287
12	980000	2387	0.0329774
12	990000	2376	0.0328254
12	1000000	2353	0.0325077
13	0	2372	0.0327702
13	10000	2399	0.0331432
13	20000	2376	0.0328254
13	30000	2378	0.032853
13	40000	2381	0.0328945
13	50000	2366	0.0326873
13	60000	2390	0.0330188
13	70000	2388	0.0329912
13	80000	2402	0.0331846
13	90000	2372	0.0327702
13	100000	2365	0.0326734
13	110000	2390	0.0330188
13	120000	2398	0.0331294
13	130000	2369	0.0327287
13	140000	2397	0.0331155
13	150000	2388	0.0329912
13	160000	2370	0.0327425
13	170000	2389	0.033005
13	180000	2386	0.0329636
13	190000	2381	0.0328945
13	200000	2408	0.0332675
13	210000	2370	0.0327425
13	220000	2382	0.0329083
13	230000	2388	0.0329912
13	240000	2355	0.0325353
13	250000	2403	0.0331984
13	260000	2389	0.033005
13	270000	2375	0.0328116
13	280000	2373	0.032784
13	290000	2388	0.0329912
13	300000	2386	0.0329636
13	310000	2385	0.0329498
13	320000	2371	0.0327563
13	330000	2377	0.0328392
13	340000	2373	0.032784
13	350000	2373	0.032784
13	360000	2380	0.0328807
13	370000	2361	0.0326182
13	380000	2378	0.032853
13	390000	2391	0.0330326
13	400000	2363	0.0326458
13	410000	2373	0.032784
13	420000	2374	0.0327978
13	430000	2381	0.0328945
13	440000	2390	0.0330188
13	450000	2378	0.032853
13	460000	2389	0.033005
13	470000	2362	0.032632
13	480000	2394	0.0330741
13	490000	2376	0.0328254
13	500000	2379	0.0328669
13	510000	2374	0.0327978
13	520000	2381	0.0328945
13	530000	2401	0.0331708
13	540000	2379	0.0328669
13	550000	2396	0.0331017
13	560000	2382	0.0329083
13	570000	2375	0.0328116
13	580000	2363	0.0326458
13	590000	2392	0.0330465
13	600000	2372	0.0327702
13	610000	2367	0.0327011
13	620000	2360	0.0326044
13	630000	2380	0.0328807
13	640000	2371	0.0327563
13	650000	2403	0.0331984
13	660000	2371	0.0327563
13	670000	2382	0.0329083
13	680000	2398	0.0331294
13	690000	2357	0.0325629
13	700000	2398	0.0331294
13	710000	2392	0.0330465
13	720000	2395	0.0330879
13	730000	2388	0.0329912
13	740000	2378	0.032853
13	750000	2396	0.0331017
13	760000	2400	0.033157
13	770000	2377	0.0328392
13	780000	2367	0.0327011
13	790000	2388	0.0329912
13	800000	2381	0.0328945
13	810000	2369	0.0327287
13	820000	2407	0.0332537
13	830000	2377	0.0328392
13	840000	2383	0.0329221
13	850000	2400	0.033157
13	860000	2391	0.0330326
13	870000	2362	0.032632
13	880000	2386	0.0329636
13	890000	2381	0.0328945
13	900000	2376	0.0328254
13	910000	2375	0.0328116
13	920000	2385	0.0329498
13	930000	2376	0.0328254
13	940000	2396	0.0331017
13	950000	2396	0.0331017
13	960000	2385	0.0329498
13	970000	2367	0.0327011
13	980000	2371	0.0327563
13	990000	2383	0.0329221
13	1000000	2380	0.0328807
14	0	2353	0.0325077
14	10000	2399	0.0331432
14	20000	2384	0.0329359
14	30000	2380	0.0328807
14	40000	2393	0.0330603
14	50000	2389	0.033005
14	60000	2392	0.0330465
14	70000	2399	0.0331432
14	80000	2385	0.0329498
14	90000	2383	0.0329221
14	100000	2376	0.0328254
14	110000	2380	0.0328807
14	120000	2377	0.0328392
14	130000	2373	0.032784
14	140000	2387	0.0329774
14	150000	2376	0.0328254
14	160000	2388	0.0329912
14	170000	2385	0.0329498
14	180000	2396	0.0331017
14	190000	2398	0.0331294
14	200000	2384	0.0329359
14	210000	2367	0.0327011
14	220000	2392	0.0330465
14	230000	2407	0.0332537
14	240000	2388	0.0329912
14	250000	2375	0.0328116
14	260000	2390	0.0330188
14	270000	2381	0.0328945
14	280000	2376	0.0328254
14	290000	2390	0.0330188
14	300000	2404	0.0332122
14	310000	2364	0.0326596
14	320000	2378	0.032853
14	330000	2383	0.0329221
14	340000	2393	0.0330603
14	350000	2369	0.0327287
14	360000	2398	0.0331294
14	370000	2379	0.0328669
14	380000	2402	0.0331846
14	390000	2395	0.0330879
14	400000	2378	0.032853
14	410000	2399	0.0331432
14	420000	2388	0.0329912
14	430000	2404	0.0332122
14	440000	2405	0.0332261
14	450000	2364	0.0326596
14	460000	2383	0.0329221
14	470000	2372	0.0327702
14	480000	2370	0.0327425
14	490000	2369	0.0327287
14	500000	2362	0.032632
14	510000	2373	0.032784
14	520000	2404	0.0332122
14	530000	2386	0.0329636
14	540000	2392	0.0330465
14	550000	2378	0.032853
14	560000	2376	0.0328254
14	570000	2375	0.0328116
14	580000	2350	0.0324662
14	590000	2385	0.0329498
14	600000	2385	0.0329498
14	610000	2387	0.0329774
14	620000	2374	0.0327978
14	630000	2402	0.0331846
14	640000	2380	0.0328807
14	650000	2399	0.0331432
14	660000	2376	0.0328254
14	670000	2370	0.0327425
14	680000	2399	0.0331432
14	690000	2382	0.0329083
14	700000	2411	0.033309
14	710000	2386	0.0329636
14	720000	2379	0.0328669
14	730000	2386	0.0329636
14	740000	2378	0.032853
14	750000	2373	0.032784
14	760000	2395	0.0330879
14	770000	2369	0.0327287
14	780000	2369	0.0327287
14	790000	2414	0.0333504
14	800000	2372	0.0327702
14	810000	2366	0.0326873
14	820000	2397	0.0331155
14	830000	2408	0.0332675
14	840000	2372	0.0327702
14	850000	2391	0.0330326
14	860000	2379	0.0328669
14	870000	2343	0.0323695
14	880000	2359	0.0325906
14	890000	2364	0.0326596
14	900000	2366	0.0326873
14	910000	2390	0.0330188
14	920000	2365	0.0326734
14	930000	2387	0.0329774
14	940000	2355	0.0325353
14	950000	2387	0.0329774
14	960000	2367	0.0327011
14	970000	2348	0.0324386
14	980000	2382	0.0329083
14	990000	2398	0.0331294
14	1000000	2374	0.0327978
15	0	2382	0.0329083
15	10000	2366	0.0326873
15	20000	2371	0.0327563
15	30000	2389	0.033005
15	40000	2394	0.0330741
15	50000	2388	0.0329912
15	60000	2364	0.0326596
15	70000	2375	0.0328116
15	80000	2392	0.0330465
15	90000	2391	0.0330326
15	100000	2375	0.0328116
15	110000	2366	0.0326873
15	120000	2394	0.0330741
15	130000	2408	0.0332675
15	140000	2408	0.0332675
15	150000	2366	0.0326873
15	160000	2391	0.0330326
15	170000	2373	0.032784
15	180000	2379	0.0328669
15	190000	2389	0.033005
15	200000	2383	0.0329221
15	210000	2385	0.0329498
15	220000	2359	0.0325906
15	230000	2377	0.0328392
15	240000	2383	0.0329221
15	250000	2383	0.0329221
15	260000	2376	0.0328254
15	270000	2376	0.0328254
15	280000	2380	0.0328807
15	290000	2368	0.0327149
15	300000	2400	0.033157
15	310000	2390	0.0330188
15	320000	2381	0.0328945
15	330000	2405	0.0332261
15	340000	2386	0.0329636
15	350000	2368	0.0327149
15	360000	2374	0.0327978
15	370000	2380	0.0328807
15	380000	2398	0.0331294
15	390000	2384	0.0329359
15	400000	2380	0.0328807
15	410000	2347	0.0324248
15	420000	2393	0.0330603
15	430000	2391	0.0330326
15	440000	2378	0.032853
15	450000	2375	0.0328116
15	460000	2382	0.0329083
15	470000	2372	0.0327702
15	480000	2361	0.0326182
15	490000	2365	0.0326734
15	500000	2378	0.032853
15	510000	2364	0.0326596
15	520000	2371	0.0327563
15	530000	2404	0.0332122
15	540000	2393	0.0330603
15	550000	2369	0.0327287
15	560000	2378	0.032853
15	570000	2382	0.0329083
15	580000	2381	0.0328945
15	590000	2387	0.0329774
15	600000	2371	0.0327563
15	610000	2393	0.0330603
15	620000	2399	0.0331432
15	630000	2363	0.0326458
15	640000	2396	0.0331017
15	650000	2391	0.0330326
15	660000	2401	0.0331708
15	670000	2397	0.0331155
15	680000	2383	0.0329221
15	690000	2369	0.0327287
15	700000	2377	0.0328392
15	710000	2382	0.0329083
15	720000	2373	0.032784
15	730000	2396	0.0331017
15	740000	2394	0.0330741
15	750000	2389	0.033005
15	760000	2398	0.0331294
15	770000	2357	0.0325629
15	780000	2391	0.0330326
15	790000	2359	0.0325906
15	800000	2352	0.0324938
15	810000	2383	0.0329221
15	820000	2375	0.0328116
15	830000	2374	0.0327978
15	840000	2390	0.0330188
15	850000	2386	0.0329636
15	860000	2401	0.0331708
15	870000	2383	0.0329221
15	880000	2388	0.0329912
15	890000	2392	0.0330465
15	900000	2383	0.0329221
15	910000	2383	0.0329221
15	920000	2369	0.0327287
15	930000	2357	0.0325629
15	940000	2382	0.0329083
15	950000	2390	0.0330188
15	960000	2379	0.0328669
15	970000	2374	0.0327978
15	980000	2390	0.0330188
15	990000	2374	0.0327978
15	1000000	2370	0.0327425
16	0	2371	0.0327563
16	10000	2387	0.0329774
16	20000	2369	0.0327287
16	30000	2380	0.0328807
16	40000	2370	0.0327425
16	50000	2394	0.0330741
16	60000	2387	0.0329774
16	70000	2379	0.0328669
16	80000	2367	0.0327011
16	90000	2380	0.0328807
16	100000	2371	0.0327563
16	110000	2369	0.0327287
16	120000	2378	0.032853
16	130000	2373	0.032784
16	140000	2361	0.0326182
16	150000	2383	0.0329221
16	160000	2402	0.0331846
16	170000	2372	0.0327702
16	180000	2377	0.0328392
16	190000	2373	0.032784
16	200000	2408	0.0332675
16	210000	2372	0.0327702
16	220000	2376	0.0328254
16	230000	2388	0.0329912
16	240000	2387	0.0329774
16	250000	2402	0.0331846
16	260000	2372	0.0327702
16	270000	2409	0.0332813
16	280000	2374	0.0327978
16	290000	2374	0.0327978
16	300000	2373	0.032784
16	310000	2384	0.0329359
16	320000	2378	0.032853
16	330000	2365	0.0326734
16	340000	2378	0.032853
16	350000	2391	0.0330326
16	360000	2370	0.0327425
16	370000	2393	0.0330603
16	380000	2388	0.0329912
16	390000	2387	0.0329774
16	400000	2405	0.0332261
16	410000	2404	0.0332122
16	420000	2382	0.0329083
16	430000	2386	0.0329636
16	440000	2362	0.032632
16	450000	2368	0.0327149
16	460000	2376	0.0328254
16	470000	2368	0.0327149
16	480000	2387	0.0329774
16	490000	2357	0.0325629
16	500000	2377	0.0328392
16	510000	2404	0.0332122
16	520000	2385	0.0329498
16	530000	2382	0.0329083
16	540000	2385	0.0329498
16	550000	2372	0.0327702
16	560000	2403	0.0331984
16	570000	2367	0.0327011
16	580000	2391	0.0330326
16	590000	2392	0.0330465
16	600000	2377	0.0328392
16	610000	2364	0.0326596
16	620000	2376	0.0328254
16	630000	2359	0.0325906
16	640000	2390	0.0330188
16	650000	2382	0.0329083
16	660000	2372	0.0327702
16	670000	2389	0.033005
16	680000	2397	0.0331155
16	690000	2375	0.0328116
16	700000	2379	0.0328669
16	710000	2369	0.0327287
16	720000	2379	0.0328669
16	730000	2387	0.0329774
16	740000	2381	0.0328945
16	750000	2394	0.0330741
16	760000	2399	0.0331432
16	770000	2366	0.0326873
16	780000	2366	0.0326873
16	790000	2380	0.0328807
16	800000	2390	0.0330188
16	810000	2382	0.0329083
16	820000	2370	0.0327425
16	830000	2386	0.0329636
16	840000	2381	0.0328945
16	850000	2397	0.0331155
16	860000	2367	0.0327011
16	870000	2380	0.0328807
16	880000	2349	0.0324524
16	890000	2368	0.0327149
16	900000	2365	0.0326734
16	910000	2345	0.0323971
16	920000	2374	0.0327978
16	930000	2355	0.0325353
16	940000	2373	0.032784
16	950000	2365	0.0326734
16	960000	2401	0.0331708
16	970000	2369	0.0327287
16	980000	2373	0.032784
16	990000	2377	0.0328392
16	1000000	2374	0.0327978
17	0	2370	0.0327425
17	10000	2358	0.0325767
17	20000	2390	0.0330188
17	30000	2404	0.0332122
17	40000	2375	0.0328116
17	50000	2411	0.033309
17	60000	2391	0.0330326
17	70000	2380	0.0328807
17	80000	2367	0.0327011
17	90000	2405	0.0332261
17	100000	2379	0.0328669
17	110000	2372	0.0327702
17	120000	2393	0.0330603
17	130000	2380	0.0328807
17	140000	2390	0.0330188
17	150000	2381	0.0328945
17	160000	2385	0.0329498
17	170000	2387	0.0329774
17	180000	2392	0.0330465
17	190000	2387	0.0329774
17	200000	2403	0.0331984
17	210000	2381	0.0328945
17	220000	2404	0.0332122
17	230000	2376	0.0328254
17	240000	2384	0.0329359
17	250000	2385	0.0329498
17	260000	2374	0.0327978
17	270000	2389	0.033005
17	280000	2379	0.0328669
17	290000	2389	0.033005
17	300000	2399	0.0331432
17	310000	2391	0.0330326
17	320000	2389	0.033005
17	330000	2377	0.0328392
17	340000	2385	0.0329498
17	350000	2362	0.032632
17	360000	2370	0.0327425
17	370000	2379	0.0328669
17	380000	2376	0.0328254
17	390000	2384	0.0329359
17	400000	2394	0.0330741
17	410000	2390	0.0330188
17	420000	2376	0.0328254
17	430000	2374	0.0327978
17	440000	2385	0.0329498
17	450000	2375	0.0328116
17	460000	2402	0.0331846
17	470000	2376	0.0328254
17	480000	2353	0.0325077
17	490000	2388	0.0329912
17	500000	2392	0.0330465
17	510000	2374	0.0327978
17	520000	2361	0.0326182
17	530000	2378	0.032853
17	540000	2369	0.0327287
17	550000	2391	0.0330326
17	560000	2380	0.0328807
17	570000	2374	0.0327978
17	580000	2402	0.0331846
17	590000	2373	0.032784
17	600000	2382	0.0329083
17	610000	2380	0.0328807
17	620000	2381	0.0328945
17	630000	2385	0.0329498
17	640000	2378	0.032853
17	650000	2384	0.0329359
17	660000	2377	0.0328392
17	670000	2360	0.0326044
17	680000	2387	0.0329774
17	690000	2366	0.0326873
17	700000	2368	0.0327149
17	710000	2390	0.0330188
17	720000	2389	0.033005
17	730000	2363	0.0326458
17	740000	2394	0.0330741
17	750000	2380	0.0328807
17	760000	2383	0.0329221
17	770000	2390	0.0330188
17	780000	2371	0.0327563
17	790000	2357	0.0325629
17	800000	2393	0.0330603
17	810000	2362	0.032632
17	820000	2387	0.0329774
17	830000	2385	0.0329498
17	840000	2395	0.0330879
17	850000	2398	0.0331294
17	860000	2377	0.0328392
17	870000	2366	0.0326873
17	880000	2392	0.0330465
17	890000	2389	0.033005
17	900000	2360	0.0326044
17	910000	2384	0.0329359
17	920000	2374	0.0327978
17	930000	2356	0.0325491
17	940000	2349	0.0324524
17	950000	2367	0.0327011
17	960000	2362	0.032632
17	970000	2389	0.033005
17	980000	2391	0.0330326
17	990000	2362	0.032632
17	1000000	2394	0.0330741
18	0	2391	0.0330326
18	10000	2375	0.0328116
18	20000	2379	0.0328669
18	30000	2381	0.0328945
18	40000	2413	0.0333366
18	50000	2402	0.0331846
18	60000	2393	0.0330603
18	70000	2374	0.0327978
18	80000	2381	0.0328945
18	90000	2384	0.0329359
18	100000	2394	0.0330741
18	110000	2401	0.0331708
18	120000	2394	0.0330741
18	130000	2387	0.0329774
18	140000	2402	0.0331846
18	150000	2358	0.0325767
18	160000	2384	0.0329359
18	170000	2356	0.0325491
18	180000	2397	0.0331155
18	190000	2370	0.0327425
18	200000	2366	0.0326873
18	210000	2366	0.0326873
18	220000	2378	0.032853
18	230000	2397	0.0331155
18	240000	2366	0.0326873
18	250000	2405	0.0332261
18	260000	2402	0.0331846
18	270000	2387	0.0329774
18	280000	2383	0.0329221
18	290000	2385	0.0329498
18	300000	2394	0.0330741
18	310000	2382	0.0329083
18	320000	2364	0.0326596
18	330000	2393	0.0330603
18	340000	2374	0.0327978
18	350000	2386	0.0329636
18	360000	2389	0.033005
18	370000	2392	0.0330465
18	380000	2371	0.0327563
18	390000	2357	0.0325629
18	400000	2378	0.032853
18	410000	2382	0.0329083
18	420000	2379	0.0328669
18	430000	2380	0.0328807
18	440000	2358	0.0325767
18	450000	2390	0.0330188
18	460000	2366	0.0326873
18	470000	2372	0.0327702
18	480000	2402	0.0331846
18	490000	2382	0.0329083
18	500000	2397	0.0331155
18	510000	2378	0.032853
18	520000	2400	0.033157
18	530000	2406	0.0332399
18	540000	2384	0.0329359
18	550000	2364	0.0326596
18	560000	2355	0.0325353
18	570000	2391	0.0330326
18	580000	2373	0.032784
18	590000	2395	0.0330879
18	600000	2381	0.0328945
18	610000	2380	0.0328807
18	620000	2379	0.0328669
18	630000	2386	0.0329636
18	640000	2368	0.0327149
18	650000	2380	0.0328807
18	660000	2395	0.0330879
18	670000	2375	0.0328116
18	680000	2410	0.0332951
18	690000	2391	0.0330326
18	700000	2380	0.0328807
18	710000	2370	0.0327425
18	720000	2374	0.0327978
18	730000	2392	0.0330465
18	740000	2393	0.0330603
18	750000	2378	0.032853
18	760000	2371	0.0327563
18	770000	2380	0.0328807
18	780000	2366	0.0326873
18	790000	2394	0.0330741
18	800000	2354	0.0325215
18	810000	2394	0.0330741
18	820000	2361	0.0326182
18	830000	2393	0.0330603
18	840000	2369	0.0327287
18	850000	2372	0.0327702
18	860000	2372	0.0327702
18	870000	2374	0.0327978
18	880000	2359	0.0325906
18	890000	2362	0.032632
18	900000	2394	0.0330741
18	910000	2386	0.0329636
18	920000	2378	0.032853
18	930000	2379	0.0328669
18	940000	2360	0.0326044
18	950000	2401	0.0331708
18	960000	2384	0.0329359
18	970000	2388	0.0329912
18	980000	2417	0.0333918
18	990000	2383	0.0329221
18	1000000	2384	0.0329359
19	0	2380	0.0328807
19	10000	2388	0.0329912
19	20000	2385	0.0329498
19	30000	2390	0.0330188
19	40000	2388	0.0329912
19	50000	2392	0.0330465
19	60000	2402	0.0331846
19	70000	2369	0.0327287
19	80000	2392	0.0330465
19	90000	2385	0.0329498
19	100000	2391	0.0330326
19	110000	2377	0.0328392
19	120000	2377	0.0328392
19	130000	2394	0.0330741
19	140000	2395	0.0330879
19	150000	2375	0.0328116
19	160000	2387	0.0329774
19	170000	2397	0.0331155
19	180000	2367	0.0327011
19	190000	2388	0.0329912
19	200000	2375	0.0328116
19	210000	2389	0.033005
19	220000	2367	0.0327011
19	230000	2392	0.0330465
19	240000	2370	0.0327425
19	250000	2403	0.0331984
19	260000	2382	0.0329083
19	270000	2386	0.0329636
19	280000	2398	0.0331294
19	290000	2397	0.0331155
19	300000	2386	0.0329636
19	310000	2385	0.0329498
19	320000	2373	0.032784
19	330000	2353	0.0325077
19	340000	2394	0.0330741
19	350000	2360	0.0326044
19	360000	2374	0.0327978
19	370000	2386	0.0329636
19	380000	2378	0.032853
19	390000	2379	0.0328669
19	400000	2376	0.0328254
19	410000	2398	0.0331294
19	420000	2379	0.0328669
19	430000	2368	0.0327149
19	440000	2393	0.0330603
19	450000	2393	0.0330603
19	460000	2391	0.0330326
19	470000	2383	0.0329221
19	480000	2397	0.0331155
19	490000	2367	0.0327011
19	500000	2382	0.0329083
19	510000	2364	0.0326596
19	520000	2391	0.0330326
19	530000	2373	0.032784
19	540000	2362	0.032632
19	550000	2382	0.0329083
19	560000	2391	0.0330326
19	570000	2390	0.0330188
19	580000	2384	0.0329359
19	590000	2383	0.0329221
19	600000	2391	0.0330326
19	610000	2376	0.0328254
19	620000	2385	0.0329498
19	630000	2394	0.0330741
19	640000	2365	0.0326734
19	650000	2390	0.0330188
19	660000	2387	0.0329774
19	670000	2367	0.0327011
19	680000	2376	0.0328254
19	690000	2375	0.0328116
19	700000	2381	0.0328945
19	710000	2367	0.0327011
19	720000	2372	0.0327702
19	730000	2385	0.0329498
19	740000	2365	0.0326734
19	750000	2383	0.0329221
19	760000	2385	0.0329498
19	770000	2371	0.0327563
19	780000	2360	0.0326044
19	790000	2348	0.0324386
19	800000	2385	0.0329498
19	810000	2372	0.0327702
19	820000	2379	0.0328669
19	830000	2391	0.0330326
19	840000	2395	0.0330879
19	850000	2386	0.0329636
19	860000	2376	0.0328254
19	870000	2391	0.0330326
19	880000	2390	0.0330188
19	890000	2353	0.0325077
19	900000	2370	0.0327425
19	910000	2356	0.0325491
19	920000	2377	0.0328392
19	930000	2383	0.0329221
19	940000	2392	0.0330465
19	950000	2358	0.0325767
19	960000	2385	0.0329498
19	970000	2383	0.0329221
19	980000	2405	0.0332261
19	990000	2380	0.0328807
19	1000000	2381	0.0328945
20	0	2361	0.0326182
20	10000	2353	0.0325077
20	20000	2397	0.0331155
20	30000	2392	0.0330465
20	40000	2374	0.0327978
20	50000	2372	0.0327702
20	60000	2386	0.0329636
20	70000	2399	0.0331432
20	80000	2376	0.0328254
20	90000	2372	0.0327702
20	100000	2374	0.0327978
20	110000	2374	0.0327978
20	120000	2365	0.0326734
20	130000	2359	0.0325906
20	140000	2395	0.0330879
20	150000	2373	0.032784
20	160000	2386	0.0329636
20	170000	2373	0.032784
20	180000	2379	0.0328669
20	190000	2362	0.032632
20	200000	2384	0.0329359
20	210000	2406	0.0332399
20	220000	2380	0.0328807
20	230000	2381	0.0328945
20	240000	2382	0.0329083
20	250000	2389	0.033005
20	260000	2389	0.033005
20	270000	2364	0.0326596
20	280000	2388	0.0329912
20	290000	2380	0.0328807
20	300000	2368	0.0327149
20	310000	2406	0.0332399
20	320000	2367	0.0327011
20	330000	2356	0.0325491
20	340000	2373	0.032784
20	350000	2389	0.033005
20	360000	2396	0.0331017
20	370000	2390	0.0330188
20	380000	2380	0.0328807
20	390000	2388	0.0329912
20	400000	2398	0.0331294
20	410000	2386	0.0329636
20	420000	2392	0.0330465
20	430000	2387	0.0329774
20	440000	2375	0.0328116
20	450000	2363	0.0326458
20	460000	2334	0.0322452
20	470000	2384	0.0329359
20	480000	2387	0.0329774
20	490000	2381	0.0328945
20	500000	2388	0.0329912
20	510000	2383	0.0329221
20	520000	2368	0.0327149
20	530000	2395	0.0330879
20	540000	2376	0.0328254
20	550000	2383	0.0329221
20	560000	2388	0.0329912
20	570000	2414	0.0333504
20	580000	2397	0.0331155
20	590000	2371	0.0327563
20	600000	2369	0.0327287
20	610000	2367	0.0327011
20	620000	2355	0.0325353
20	630000	2386	0.0329636
20	640000	2363	0.0326458
20	650000	2374	0.0327978
20	660000	2360	0.0326044
20	670000	2396	0.0331017
20	680000	2373	0.032784
20	690000	2385	0.0329498
20	700000	2386	0.0329636
20	710000	2393	0.0330603
20	720000	2369	0.0327287
20	730000	2402	0.0331846
20	740000	2404	0.0332122
20	750000	2376	0.0328254
20	760000	2365	0.0326734
20	770000	2378	0.032853
20	780000	2361	0.0326182
20	790000	2395	0.0330879
20	800000	2388	0.0329912
20	810000	2420	0.0334333
20	820000	2372	0.0327702
20	830000	2368	0.0327149
20	840000	2377	0.0328392
20	850000	2375	0.0328116
20	860000	2375	0.0328116
20	870000	2401	0.0331708
20	880000	2363	0.0326458
20	890000	2379	0.0328669
20	900000	2392	0.0330465
20	910000	2372	0.0327702
20	920000	2369	0.0327287
20	930000	2381	0.0328945
20	940000	2381	0.0328945
20	950000	2384	0.0329359
20	960000	2376	0.0328254
20	970000	2382	0.0329083
20	980000	2378	0.032853
20	990000	2390	0.0330188
20	1000000	2383	0.0329221
21	0	2376	0.0328254
21	10000	2390	0.0330188
21	20000	2384	0.0329359
21	30000	2394	0.0330741
21	40000	2359	0.0325906
21	50000	2382	0.0329083
21	60000	2360	0.0326044
21	70000	2367	0.0327011
21	80000	2373	0.032784
21	90000	2379	0.0328669
21	100000	2384	0.0329359
21	110000	2358	0.0325767
21	120000	2393	0.0330603
21	130000	2359	0.0325906
21	140000	2384	0.0329359
21	150000	2384	0.0329359
21	160000	2384	0.0329359
21	170000	2371	0.0327563
21	180000	2394	0.0330741
21	190000	2383	0.0329221
21	200000	2413	0.0333366
21	210000	2373	0.032784
21	220000	2374	0.0327978
21	230000	2383	0.0329221
21	240000	2351	0.03248
21	250000	2380	0.0328807
21	260000	2361	0.0326182
21	270000	2401	0.0331708
21	280000	2391	0.0330326
21	290000	2362	0.032632
21	300000	2376	0.0328254
21	310000	2389	0.033005
21	320000	2361	0.0326182
21	330000	2355	0.0325353
21	340000	2364	0.0326596
21	350000	2372	0.0327702
21	360000	2373	0.032784
21	370000	2387	0.0329774
21	380000	2381	0.0328945
21	390000	2396	0.0331017
21	400000	2375	0.0328116
21	410000	2393	0.0330603
21	420000	2391	0.0330326
21	430000	2365	0.0326734
21	440000	2390	0.0330188
21	450000	2368	0.0327149
21	460000	2406	0.0332399
21	470000	2370	0.0327425
21	480000	2384	0.0329359
21	490000	2381	0.0328945
21	500000	2376	0.0328254
21	510000	2384	0.0329359
21	520000	2396	0.0331017
21	530000	2387	0.0329774
21	540000	2369	0.0327287
21	550000	2365	0.0326734
21	560000	2389	0.033005
21	570000	2380	0.0328807
21	580000	2377	0.0328392
21	590000	2392	0.0330465
21	600000	2369	0.0327287
21	610000	2382	0.0329083
21	620000	2377	0.0328392
21	630000	2378	0.032853
21	640000	2392	0.0330465
21	650000	2365	0.0326734
21	660000	2359	0.0325906
21	670000	2383	0.0329221
21	680000	2399	0.0331432
21	690000	2379	0.0328669
21	700000	2396	0.0331017
21	710000	2367	0.0327011
21	720000	2385	0.0329498
21	730000	2384	0.0329359
21	740000	2367	0.0327011
21	750000	2381	0.0328945
21	760000	2394	0.0330741
21	770000	2390	0.0330188
21	780000	2401	0.0331708
21	790000	2357	0.0325629
21	800000	2370	0.0327425
21	810000	2368	0.0327149
21	820000	2379	0.0328669
21	830000	2377	0.0328392
21	840000	2371	0.0327563
21	850000	2385	0.0329498
21	860000	2358	0.0325767
21	870000	2372	0.0327702
21	880000	2358	0.0325767
21	890000	2389	0.033005
21	900000	2355	0.0325353
21	910000	2384	0.0329359
21	920000	2381	0.0328945
21	930000	2393	0.0330603
21	940000	2391	0.0330326
21	950000	2370	0.0327425
21	960000	2388	0.0329912
21	970000	2364	0.0326596
21	980000	2372	0.0327702
21	990000	2369	0.0327287
21	1000000	2366	0.0326873
22	0	2376	0.0328254
22	10000	2368	0.0327149
22	20000	2378	0.032853
22	30000	2393	0.0330603
22	40000	2378	0.032853
22	50000	2391	0.0330326
22	60000	2381	0.0328945
22	70000	2396	0.0331017
22	80000	2399	0.0331432
22	90000	2395	0.0330879
22	100000	2388	0.0329912
22	110000	2385	0.0329498
22	120000	2389	0.033005
22	130000	2416	0.033378
22	140000	2386	0.0329636
22	150000	2385	0.0329498
22	160000	2370	0.0327425
22	170000	2387	0.0329774
22	180000	2369	0.0327287
22	190000	2381	0.0328945
22	200000	2388	0.0329912
22	210000	2395	0.0330879
22	220000	2353	0.0325077
22	230000	2399	0.0331432
22	240000	2394	0.0330741
22	250000	2380	0.0328807
22	260000	2402	0.0331846
22	270000	2386	0.0329636
22	280000	2368	0.0327149
22	290000	2386	0.0329636
22	300000	2367	0.0327011
22	310000	2368	0.0327149
22	320000	2400	0.033157
22	330000	2375	0.0328116
22	340000	2383	0.0329221
22	350000	2365	0.0326734
22	360000	2387	0.0329774
22	370000	2374	0.0327978
22	380000	2357	0.0325629
22	390000	2391	0.0330326
22	400000	2409	0.0332813
22	410000	2375	0.0328116
22	420000	2392	0.0330465
22	430000	2361	0.0326182
22	440000	2398	0.0331294
22	450000	2371	0.0327563
22	460000	2383	0.0329221
22	470000	2386	0.0329636
22	480000	2389	0.033005
22	490000	2397	0.0331155
22	500000	2393	0.0330603
22	510000	2393	0.0330603
22	520000	2376	0.0328254
22	530000	2368	0.0327149
22	540000	2375	0.0328116
22	550000	2389	0.033005
22	560000	2387	0.0329774
22	570000	2393	0.0330603
22	580000	2379	0.0328669
22	590000	2366	0.0326873
22	600000	2389	0.033005
22	610000	2382	0.0329083
22	620000	2364	0.0326596
22	630000	2399	0.0331432
22	640000	2386	0.0329636
22	650000	2380	0.0328807
22	660000	2402	0.0331846
22	670000	2363	0.0326458
22	680000	2387	0.0329774
22	690000	2390	0.0330188
22	700000	2371	0.0327563
22	710000	2404	0.0332122
22	720000	2393	0.0330603
22	730000	2377	0.0328392
22	740000	2366	0.0326873
22	750000	2386	0.0329636
22	760000	2398	0.0331294
22	770000	2408	0.0332675
22	780000	2401	0.0331708
22	790000	2376	0.0328254
22	800000	2356	0.0325491
22	810000	2386	0.0329636
22	820000	2388	0.0329912
22	830000	2370	0.0327425
22	840000	2368	0.0327149
22	850000	2373	0.032784
22	860000	2373	0.032784
22	870000	2381	0.0328945
22	880000	2369	0.0327287
22	890000	2378	0.032853
22	900000	2383	0.0329221
22	910000	2375	0.0328116
22	920000	2396	0.0331017
22	930000	2363	0.0326458
22	940000	2381	0.0328945
22	950000	2357	0.0325629
22	960000	2371	0.0327563
22	970000	2366	0.0326873
22	980000	2396	0.0331017
22	990000	2382	0.0329083
22	1000000	2378	0.032853
23	0	2360	0.0326044
23	10000	2389	0.033005
23	20000	2381	0.0328945
23	30000	2377	0.0328392
23	40000	2370	0.0327425
23	50000	2395	0.0330879
23	60000	2375	0.0328116
23	70000	2383	0.0329221
23	80000	2376	0.0328254
23	90000	2400	0.033157
23	100000	2393	0.0330603
23	110000	2365	0.0326734
23	120000	2379	0.0328669
23	130000	2389	0.033005
23	140000	2381	0.0328945
23	150000	2348	0.0324386
23	160000	2410	0.0332951
23	170000	2374	0.0327978
23	180000	2358	0.0325767
23	190000	2383	0.0329221
23	200000	2374	0.0327978
23	210000	2393	0.0330603
23	220000	2361	0.0326182
23	230000	2393	0.0330603
23	240000	2372	0.0327702
23	250000	2389	0.033005
23	260000	2373	0.032784
23	270000	2376	0.0328254
23	280000	2389	0.033005
23	290000	2390	0.0330188
23	300000	2372	0.0327702
23	310000	2399	0.0331432
23	320000	2398	0.0331294
23	330000	2351	0.03248
23	340000	2386	0.0329636
23	350000	2385	0.0329498
23	360000	2370	0.0327425
23	370000	2377	0.0328392
23	380000	2365	0.0326734
23	390000	2397	0.0331155
23	400000	2368	0.0327149
23	410000	2405	0.0332261
23	420000	2369	0.0327287
23	430000	2359	0.0325906
23	440000	2374	0.0327978
23	450000	2354	0.0325215
23	460000	2383	0.0329221
23	470000	2377	0.0328392
23	480000	2359	0.0325906
23	490000	2376	0.0328254
23	500000	2396	0.0331017
23	510000	2410	0.0332951
23	520000	2374	0.0327978
23	530000	2370	0.0327425
23	540000	2371	0.0327563
23	550000	2405	0.0332261
23	560000	2359	0.0325906
23	570000	2369	0.0327287
23	580000	2383	0.0329221
23	590000	2391	0.0330326
23	600000	2389	0.033005
23	610000	2374	0.0327978
23	620000	2385	0.0329498
23	630000	2380	0.0328807
23	640000	2387	0.0329774
23	650000	2386	0.0329636
23	660000	2382	0.0329083
23	670000	2381	0.0328945
23	680000	2373	0.032784
23	690000	2399	0.0331432
23	700000	2344	0.0323833
23	710000	2392	0.0330465
23	720000	2378	0.032853
23	730000	2397	0.0331155
23	740000	2386	0.0329636
23	750000	2381	0.0328945
23	760000	2382	0.0329083
23	770000	2387	0.0329774
23	780000	2387	0.0329774
23	790000	2362	0.032632
23	800000	2362	0.032632
23	810000	2364	0.0326596
23	820000	2404	0.0332122
23	830000	2393	0.0330603
23	840000	2411	0.033309
23	850000	2392	0.0330465
23	860000	2386	0.0329636
23	870000	2383	0.0329221
23	880000	2372	0.0327702
23	890000	2372	0.0327702
23	900000	2366	0.0326873
23	910000	2406	0.0332399
23	920000	2393	0.0330603
23	930000	2360	0.0326044
23	940000	2374	0.0327978
23	950000	2374	0.0327978
23	960000	2374	0.0327978
23	970000	2388	0.0329912
23	980000	2389	0.033005
23	990000	2409	0.0332813
23	1000000	2385	0.0329498
24	0	2386	0.0329636
24	10000	2377	0.0328392
24	20000	2404	0.0332122
24	30000	2372	0.0327702
24	40000	2375	0.0328116
24	50000	2395	0.0330879
24	60000	2348	0.0324386
24	70000	2379	0.0328669
24	80000	2383	0.0329221
24	90000	2388	0.0329912
24	100000	2362	0.032632
24	110000	2384	0.0329359
24	120000	2378	0.032853
24	130000	2388	0.0329912
24	140000	2390	0.0330188
24	150000	2380	0.0328807
24	160000	2382	0.0329083
24	170000	2387	0.0329774
24	180000	2358	0.0325767
24	190000	2375	0.0328116
24	200000	2390	0.0330188
24	210000	2367	0.0327011
24	220000	2353	0.0325077
24	230000	2380	0.0328807
24	240000	2359	0.0325906
24	250000	2384	0.0329359
24	260000	2386	0.0329636
24	270000	2394	0.0330741
24	280000	2387	0.0329774
24	290000	2377	0.0328392
24	300000	2377	0.0328392
24	310000	2390	0.0330188
24	320000	2388	0.0329912
24	330000	2378	0.032853
24	340000	2360	0.0326044
24	350000	2369	0.0327287
24	360000	2386	0.0329636
24	370000	2357	0.0325629
24	380000	2382	0.0329083
24	390000	2380	0.0328807
24	400000	2371	0.0327563
24	410000	2394	0.0330741
24	420000	2370	0.0327425
24	430000	2365	0.0326734
24	440000	2380	0.0328807
24	450000	2392	0.0330465
24	460000	2380	0.0328807
24	470000	2389	0.033005
24	480000	2392	0.0330465
24	490000	2376	0.0328254
24	500000	2395	0.0330879
24	510000	2385	0.0329498
24	520000	2374	0.0327978
24	530000	2371	0.0327563
24	540000	2388	0.0329912
24	550000	2390	0.0330188
24	560000	2369	0.0327287
24	570000	2405	0.0332261
24	580000	2372	0.0327702
24	590000	2375	0.0328116
24	600000	2375	0.0328116
24	610000	2361	0.0326182
24	620000	2372	0.0327702
24	630000	2383	0.0329221
24	640000	2383	0.0329221
24	650000	2376	0.0328254
24	660000	2408	0.0332675
24	670000	2393	0.0330603
24	680000	2383	0.0329221
24	690000	2373	0.032784
24	700000	2382	0.0329083
24	710000	2356	0.0325491
24	720000	2405	0.0332261
24	730000	2388	0.0329912
24	740000	2392	0.0330465
24	750000	2368	0.0327149
24	760000	2397	0.0331155
24	770000	2396	0.0331017
24	780000	2388	0.0329912
24	790000	2393	0.0330603
24	800000	2388	0.0329912
24	810000	2400	0.033157
24	820000	2377	0.0328392
24	830000	2380	0.0328807
24	840000	2383	0.0329221
24	850000	2382	0.0329083
24	860000	2363	0.0326458
24	870000	2392	0.0330465
24	880000	2378	0.032853
24	890000	2365	0.0326734
24	900000	2397	0.0331155
24	910000	2399	0.0331432
24	920000	2377	0.0328392
24	930000	2382	0.0329083
24	940000	2376	0.0328254
24	950000	2367	0.0327011
24	960000	2379	0.0328669
24	970000	2381	0.0328945
24	980000	2360	0.0326044
24	990000	2381	0.0328945
24	1000000	2379	0.0328669
25	0	2387	0.0329774
25	10000	2401	0.0331708
25	20000	2369	0.0327287
25	30000	2388	0.0329912
25	40000	2392	0.0330465
25	50000	2378	0.032853
25	60000	2356	0.0325491
25	70000	2386	0.0329636
25	80000	2381	0.0328945
25	90000	2391	0.0330326
25	100000	2382	0.0329083
25	110000	2390	0.0330188
25	120000	2371	0.0327563
25	130000	2381	0.0328945
25	140000	2385	0.0329498
25	150000	2380	0.0328807
25	160000	2389	0.033005
25	170000	2375	0.0328116
25	180000	2381	0.0328945
25	190000	2391	0.0330326
25	200000	2401	0.0331708
25	210000	2380	0.0328807
25	220000	2372	0.0327702
25	230000	2390	0.0330188
25	240000	2393	0.0330603
25	250000	2376	0.0328254
25	260000	2364	0.0326596
25	270000	2384	0.0329359
25	280000	2394	0.0330741
25	290000	2394	0.0330741
25	300000	2370	0.0327425
25	310000	2377	0.0328392
25	320000	2382	0.0329083
25	330000	2387	0.0329774
25	340000	2398	0.0331294
25	350000	2356	0.0325491
25	360000	2396	0.0331017
25	370000	2364	0.0326596
25	380000	2371	0.0327563
25	390000	2354	0.0325215
25	400000	2377	0.0328392
25	410000	2380	0.0328807
25	420000	2362	0.032632
25	430000	2392	0.0330465
25	440000	2395	0.0330879
25	450000	2400	0.033157
25	460000	2365	0.0326734
25	470000	2384	0.0329359
25	480000	2366	0.0326873
25	490000	2389	0.033005
25	500000	2382	0.0329083
25	510000	2372	0.0327702
25	520000	2386	0.0329636
25	530000	2384	0.0329359
25	540000	2378	0.032853
25	550000	2366	0.0326873
25	560000	2355	0.0325353
25	570000	2362	0.032632
25	580000	2375	0.0328116
25	590000	2352	0.0324938
25	600000	2359	0.0325906
25	610000	2378	0.032853
25	620000	2378	0.032853
25	630000	2408	0.0332675
25	640000	2371	0.0327563
25	650000	2387	0.0329774
25	660000	2370	0.0327425
25	670000	2374	0.0327978
25	680000	2368	0.0327149
25	690000	2371	0.0327563
25	700000	2376	0.0328254
25	710000	2385	0.0329498
25	720000	2349	0.0324524
25	730000	2402	0.0331846
25	740000	2363	0.0326458
25	750000	2373	0.032784
25	760000	2370	0.0327425
25	770000	2367	0.0327011
25	780000	2410	0.0332951
25	790000	2382	0.0329083
25	800000	2377	0.0328392
25	810000	2365	0.0326734
25	820000	2394	0.0330741
25	830000	2361	0.0326182
25	840000	2367	0.0327011
25	850000	2384	0.0329359
25	860000	2381	0.0328945
25	870000	2374	0.0327978
25	880000	2387	0.0329774
25	890000	2360	0.0326044
25	900000	2393	0.0330603
25	910000	2401	0.0331708
25	920000	2363	0.0326458
25	930000	2393	0.0330603
25	940000	2376	0.0328254
25	950000	2381	0.0328945
25	960000	2394	0.0330741
25	970000	2373	0.032784
25	980000	2374	0.0327978
25	990000	2364	0.0326596
25	1000000	2399	0.0331432
26	0	2392	0.0330465
26	10000	2390	0.0330188
26	20000	2413	0.0333366
26	30000	2357	0.0325629
26	40000	2397	0.0331155
26	50000	2398	0.0331294
26	60000	2384	0.0329359
26	70000	2408	0.0332675
26	80000	2365	0.0326734
26	90000	2364	0.0326596
26	100000	2376	0.0328254
26	110000	2394	0.0330741
26	120000	2427	0.03353
26	130000	2388	0.0329912
26	140000	2362	0.032632
26	150000	2374	0.0327978
26	160000	2385	0.0329498
26	170000	2376	0.0328254
26	180000	2383	0.0329221
26	190000	2360	0.0326044
26	200000	2388	0.0329912
26	210000	2404	0.0332122
26	220000	2393	0.0330603
26	230000	2388	0.0329912
26	240000	2374	0.0327978
26	250000	2391	0.0330326
26	260000	2387	0.0329774
26	270000	2396	0.0331017
26	280000	2396	0.0331017
26	290000	2385	0.0329498
26	300000	2372	0.0327702
26	310000	2387	0.0329774
26	320000	2392	0.0330465
26	330000	2371	0.0327563
26	340000	2385	0.0329498
26	350000	2367	0.0327011
26	360000	2400	0.033157
26	370000	2385	0.0329498
26	380000	2392	0.0330465
26	390000	2365	0.0326734
26	400000	2365	0.0326734
26	410000	2373	0.032784
26	420000	2381	0.0328945
26	430000	2396	0.0331017
26	440000	2374	0.0327978
26	450000	2379	0.0328669
26	460000	2354	0.0325215
26	470000	2403	0.0331984
26	480000	2373	0.032784
26	490000	2399	0.0331432
26	500000	2388	0.0329912
26	510000	2369	0.0327287
26	520000	2387	0.0329774
26	530000	2390	0.0330188
26	540000	2378	0.032853
26	550000	2359	0.0325906
26	560000	2387	0.0329774
26	570000	2371	0.0327563
26	580000	2390	0.0330188
26	590000	2367	0.0327011
26	600000	2374	0.0327978
26	610000	2363	0.0326458
26	620000	2378	0.032853
26	630000	2391	0.0330326
26	640000	2377	0.0328392
26	650000	2365	0.0326734
26	660000	2383	0.0329221
26	670000	2384	0.0329359
26	680000	2379	0.0328669
26	690000	2352	0.0324938
26	700000	2386	0.0329636
26	710000	2387	0.0329774
26	720000	2397	0.0331155
26	730000	2379	0.0328669
26	740000	2400	0.033157
26	750000	2345	0.0323971
26	760000	2401	0.0331708
26	770000	2379	0.0328669
26	780000	2367	0.0327011
26	790000	2390	0.0330188
26	800000	2398	0.0331294
26	810000	2389	0.033005
26	820000	2372	0.0327702
26	830000	2389	0.033005
26	840000	2354	0.0325215
26	850000	2402	0.0331846
26	860000	2375	0.0328116
26	870000	2395	0.0330879
26	880000	2386	0.0329636
26	890000	2383	0.0329221
26	900000	2386	0.0329636
26	910000	2383	0.0329221
26	920000	2367	0.0327011
26	930000	2391	0.0330326
26	940000	2382	0.0329083
26	950000	2400	0.033157
26	960000	2375	0.0328116
26	970000	2377	0.0328392
26	980000	2368	0.0327149
26	990000	2376	0.0328254
26	1000000	2377	0.0328392
27	0	2375	0.0328116
27	10000	2365	0.0326734
27	20000	2386	0.0329636
27	30000	2361	0.0326182
27	40000	2402	0.0331846
27	50000	2368	0.0327149
27	60000	2366	0.0326873
27	70000	2399	0.0331432
27	80000	2391	0.0330326
27	90000	2369	0.0327287
27	100000	2360	0.0326044
27	110000	2370	0.0327425
27	120000	2381	0.0328945
27	130000	2382	0.0329083
27	140000	2409	0.0332813
27	150000	2396	0.0331017
27	160000	2396	0.0331017
27	170000	2379	0.0328669
27	180000	2377	0.0328392
27	190000	2399	0.0331432
27	200000	2377	0.0328392
27	210000	2386	0.0329636
27	220000	2373	0.032784
27	230000	2370	0.0327425
27	240000	2397	0.0331155
27	250000	2412	0.0333228
27	260000	2394	0.0330741
27	270000	2375	0.0328116
27	280000	2398	0.0331294
27	290000	2383	0.0329221
27	300000	2394	0.0330741
27	310000	2368	0.0327149
27	320000	2397	0.0331155
27	330000	2384	0.0329359
27	340000	2389	0.033005
27	350000	2349	0.0324524
27	360000	2382	0.0329083
27	370000	2407	0.0332537
27	380000	2377	0.0328392
27	390000	2377	0.0328392
27	400000	2357	0.0325629
27	410000	2375	0.0328116
27	420000	2392	0.0330465
27	430000	2381	0.0328945
27	440000	2369	0.0327287
27	450000	2376	0.0328254
27	460000	2377	0.0328392
27	470000	2360	0.0326044
27	480000	2379	0.0328669
27	490000	2366	0.0326873
27	500000	2397	0.0331155
27	510000	2390	0.0330188
27	520000	2367	0.0327011
27	530000	2389	0.033005
27	540000	2392	0.0330465
27	550000	2366	0.0326873
27	560000	2370	0.0327425
27	570000	2389	0.033005
27	580000	2383	0.0329221
27	590000	2365	0.0326734
27	600000	2362	0.032632
27	610000	2381	0.0328945
27	620000	2358	0.0325767
27	630000	2388	0.0329912
27	640000	2377	0.0328392
27	650000	2387	0.0329774
27	660000	2359	0.0325906
27	670000	2404	0.0332122
27	680000	2365	0.0326734
27	690000	2364	0.0326596
27	700000	2367	0.0327011
27	710000	2385	0.0329498
27	720000	2392	0.0330465
27	730000	2368	0.0327149
27	740000	2386	0.0329636
27	750000	2396	0.0331017
27	760000	2378	0.032853
27	770000	2388	0.0329912
27	780000	2356	0.0325491
27	790000	2384	0.0329359
27	800000	2387	0.0329774
27	810000	2376	0.0328254
27	820000	2377	0.0328392
27	830000	2380	0.0328807
27	840000	2412	0.0333228
27	850000	2376	0.0328254
27	860000	2390	0.0330188
27	870000	2366	0.0326873
27	880000	2386	0.0329636
27	890000	2401	0.0331708
27	900000	2376	0.0328254
27	910000	2389	0.033005
27	920000	2388	0.0329912
27	930000	2387	0.0329774
27	940000	2392	0.0330465
27	950000	2381	0.0328945
27	960000	2381	0.0328945
27	970000	2391	0.0330326
27	980000	2356	0.0325491
27	990000	2358	0.0325767
27	1000000	2370	0.0327425
28	0	2381	0.0328945
28	10000	2355	0.0325353
28	20000	2378	0.032853
28	30000	2360	0.0326044
28	40000	2380	0.0328807
28	50000	2379	0.0328669
28	60000	2373	0.032784
28	70000	2400	0.033157
28	80000	2370	0.0327425
28	90000	2371	0.0327563
28	100000	2388	0.0329912
28	110000	2405	0.0332261
28	120000	2394	0.0330741
28	130000	2406	0.0332399
28	140000	2384	0.0329359
28	150000	2364	0.0326596
28	160000	2385	0.0329498
28	170000	2372	0.0327702
28	180000	2371	0.0327563
28	190000	2388	0.0329912
28	200000	2391	0.0330326
28	210000	2374	0.0327978
28	220000	2375	0.0328116
28	230000	2380	0.0328807
28	240000	2368	0.0327149
28	250000	2399	0.0331432
28	260000	2369	0.0327287
28	270000	2379	0.0328669
28	280000	2383	0.0329221
28	290000	2375	0.0328116
28	300000	2399	0.0331432
28	310000	2385	0.0329498
28	320000	2403	0.0331984
28	330000	2364	0.0326596
28	340000	2389	0.033005
28	350000	2396	0.0331017
28	360000	2376	0.0328254
28	370000	2349	0.0324524
28	380000	2367	0.0327011
28	390000	2360	0.0326044
28	400000	2381	0.0328945
28	410000	2379	0.0328669
28	420000	2375	0.0328116
28	430000	2372	0.0327702
28	440000	2393	0.0330603
28	450000	2390	0.0330188
28	460000	2386	0.0329636
28	470000	2373	0.032784
28	480000	2379	0.0328669
28	490000	2414	0.0333504
28	500000	2371	0.0327563
28	510000	2391	0.0330326
28	520000	2369	0.0327287
28	530000	2372	0.0327702
28	540000	2391	0.0330326
28	550000	2396	0.0331017
28	560000	2373	0.032784
28	570000	2391	0.0330326
28	580000	2383	0.0329221
28	590000	2388	0.0329912
28	600000	2377	0.0328392
28	610000	2394	0.0330741
28	620000	2351	0.03248
28	630000	2368	0.0327149
28	640000	2374	0.0327978
28	650000	2381	0.0328945
28	660000	2371	0.0327563
28	670000	2381	0.0328945
28	680000	2410	0.0332951
28	690000	2368	0.0327149
28	700000	2369	0.0327287
28	710000	2390	0.0330188
28	720000	2380	0.0328807
28	730000	2380	0.0328807
28	740000	2371	0.0327563
28	750000	2380	0.0328807
28	760000	2373	0.032784
28	770000	2391	0.0330326
28	780000	2385	0.0329498
28	790000	2401	0.0331708
28	800000	2385	0.0329498
28	810000	2374	0.0327978
28	820000	2393	0.0330603
28	830000	2363	0.0326458
28	840000	2376	0.0328254
28	850000	2387	0.0329774
28	860000	2377	0.0328392
28	870000	2376	0.0328254
28	880000	2393	0.0330603
28	890000	2381	0.0328945
28	900000	2393	0.0330603
28	910000	2354	0.0325215
28	920000	2393	0.0330603
28	930000	2390	0.0330188
28	940000	2372	0.0327702
28	950000	2406	0.0332399
28	960000	2373	0.032784
28	970000	2380	0.0328807
28	980000	2353	0.0325077
28	990000	2375	0.0328116
28	1000000	2390	0.0330188
29	0	2383	0.0329221
29	10000	2364	0.0326596
29	20000	2398	0.0331294
29	30000	2368	0.0327149
29	40000	2373	0.032784
29	50000	2376	0.0328254
29	60000	2368	0.0327149
29	70000	2376	0.0328254
29	80000	2389	0.033005
29	90000	2381	0.0328945
29	100000	2387	0.0329774
29	110000	2374	0.0327978
29	120000	2384	0.0329359
29	130000	2383	0.0329221
29	140000	2373	0.032784
29	150000	2377	0.0328392
29	160000	2382	0.0329083
29	170000	2366	0.0326873
29	180000	2366	0.0326873
29	190000	2386	0.0329636
29	200000	2390	0.0330188
29	210000	2375	0.0328116
29	220000	2391	0.0330326
29	230000	2381	0.0328945
29	240000	2374	0.0327978
29	250000	2375	0.0328116
29	260000	2392	0.0330465
29	270000	2386	0.0329636
29	280000	2377	0.0328392
29	290000	2398	0.0331294
29	300000	2386	0.0329636
29	310000	2395	0.0330879
29	320000	2364	0.0326596
29	330000	2364	0.0326596
29	340000	2393	0.0330603
29	350000	2386	0.0329636
29	360000	2364	0.0326596
29	370000	2360	0.0326044
29	380000	2391	0.0330326
29	390000	2389	0.033005
29	400000	2373	0.032784
29	410000	2370	0.0327425
29	420000	2399	0.0331432
29	430000	2373	0.032784
29	440000	2391	0.0330326
29	450000	2387	0.0329774
29	460000	2379	0.0328669
29	470000	2391	0.0330326
29	480000	2399	0.0331432
29	490000	2353	0.0325077
29	500000	2373	0.032784
29	510000	2382	0.0329083
29	520000	2372	0.0327702
29	530000	2394	0.0330741
29	540000	2381	0.0328945
29	550000	2378	0.032853
29	560000	2383	0.0329221
29	570000	2371	0.0327563
29	580000	2378	0.032853
29	590000	2396	0.0331017
29	600000	2379	0.0328669
29	610000	2383	0.0329221
29	620000	2340	0.0323281
29	630000	2389	0.033005
29	640000	2383	0.0329221
29	650000	2387	0.0329774
29	660000	2380	0.0328807
29	670000	2390	0.0330188
29	680000	2395	0.0330879
29	690000	2395	0.0330879
29	700000	2399	0.0331432
29	710000	2395	0.0330879
29	720000	2381	0.0328945
29	730000	2361	0.0326182
29	740000	2364	0.0326596
29	750000	2361	0.0326182
29	760000	2360	0.0326044
29	770000	2357	0.0325629
29	780000	2390	0.0330188
29	790000	2378	0.032853
29	800000	2357	0.0325629
29	810000	2376	0.0328254
29	820000	2397	0.0331155
29	830000	2378	0.032853
29	840000	2374	0.0327978
29	850000	2373	0.032784
29	860000	2382	0.0329083
29	870000	2376	0.0328254
29	880000	2392	0.0330465
29	890000	2358	0.0325767
29	900000	2386	0.0329636
29	910000	2381	0.0328945
29	920000	2379	0.0328669
29	930000	2377	0.0328392
29	940000	2375	0.0328116
29	950000	2386	0.0329636
29	960000	2370	0.0327425
29	970000	2386	0.0329636
29	980000	2383	0.0329221
29	990000	2367	0.0327011
29	1000000	2400	0.033157
30	0	2379	0.0328669
30	10000	2368	0.0327149
30	20000	2373	0.032784
30	30000	2368	0.0327149
30	40000	2389	0.033005
30	50000	2392	0.0330465
30	60000	2361	0.0326182
30	70000	2398	0.0331294
30	80000	2380	0.0328807
30	90000	2365	0.0326734
30	100000	2359	0.0325906
30	110000	2387	0.0329774
30	120000	2398	0.0331294
30	130000	2410	0.0332951
30	140000	2388	0.0329912
30	150000	2366	0.0326873
30	160000	2369	0.0327287
30	170000	2389	0.033005
30	180000	2392	0.0330465
30	190000	2382	0.0329083
30	200000	2390	0.0330188
30	210000	2375	0.0328116
30	220000	2392	0.0330465
30	230000	2373	0.032784
30	240000	2376	0.0328254
30	250000	2386	0.0329636
30	260000	2385	0.0329498
30	270000	2360	0.0326044
30	280000	2395	0.0330879
30	290000	2366	0.0326873
30	300000	2379	0.0328669
30	310000	2392	0.0330465
30	320000	2394	0.0330741
30	330000	2390	0.0330188
30	340000	2372	0.0327702
30	350000	2382	0.0329083
30	360000	2381	0.0328945
30	370000	2375	0.0328116
30	380000	2398	0.0331294
30	390000	2400	0.033157
30	400000	2387	0.0329774
30	410000	2385	0.0329498
30	420000	2392	0.0330465
30	430000	2377	0.0328392
30	440000	2383	0.0329221
30	450000	2394	0.0330741
30	460000	2392	0.0330465
30	470000	2359	0.0325906
30	480000	2381	0.0328945
30	490000	2381	0.0328945
30	500000	2380	0.0328807
30	510000	2386	0.0329636
30	520000	2383	0.0329221
30	530000	2376	0.0328254
30	540000	2371	0.0327563
30	550000	2388	0.0329912
30	560000	2398	0.0331294
30	570000	2377	0.0328392
30	580000	2387	0.0329774
30	590000	2387	0.0329774
30	600000	2362	0.032632
30	610000	2380	0.0328807
30	620000	2376	0.0328254
30	630000	2356	0.0325491
30	640000	2375	0.0328116
30	650000	2395	0.0330879
30	660000	2400	0.033157
30	670000	2391	0.0330326
30	680000	2369	0.0327287
30	690000	2366	0.0326873
30	700000	2395	0.0330879
30	710000	2371	0.0327563
30	720000	2405	0.0332261
30	730000	2390	0.0330188
30	740000	2384	0.0329359
30	750000	2385	0.0329498
30	760000	2359	0.0325906
30	770000	2365	0.0326734
30	780000	2376	0.0328254
30	790000	2390	0.0330188
30	800000	2387	0.0329774
30	810000	2358	0.0325767
30	820000	2385	0.0329498
30	830000	2387	0.0329774
30	840000	2391	0.0330326
30	850000	2379	0.0328669
30	860000	2409	0.0332813
30	870000	2362	0.032632
30	880000	2368	0.0327149
30	890000	2393	0.0330603
30	900000	2372	0.0327702
30	910000	2366	0.0326873
30	920000	2388	0.0329912
30	930000	2370	0.0327425
30	940000	2399	0.0331432
30	950000	2383	0.0329221
30	960000	2406	0.0332399
30	970000	2389	0.033005
30	980000	2385	0.0329498
30	990000	2388	0.0329912
30	1000000	2380	0.0328807
