0.245	239.939	0.0904058
0.74	239.815	0.0904058
1.24	239.69	0.0882391
1.74	239.565	0.0907681
2.24	239.44	0.0903188
2.74	239.315	0.0896087
3.24	239.19	0.0879275
3.74	239.065	0.0887536
4.24	238.94	0.0934855
4.74	238.815	0.0906739
5.24	238.69	0.090471
5.74	238.565	0.0919638
6.24	238.44	0.0928768
6.74	238.315	0.0927319
7.24	238.19	0.0923986
7.74	238.065	0.0918913
8.24	237.94	0.0905725
8.74	237.815	0.0930725
9.24	237.69	0.0905725
9.74	237.565	0.0905073
10.24	237.44	0.0924493
10.74	237.315	0.0933913
11.24	237.19	0.0942536
11.74	237.065	0.0952754
12.24	236.94	0.0926594
12.74	236.815	0.0939855
13.24	236.69	0.0941376
13.74	236.565	0.0939782
14.24	236.44	0.0931522
14.74	236.315	0.0942971
15.24	236.19	0.0933334
15.74	236.065	0.092913
16.24	235.94	0.0973986
16.74	235.815	0.0946159
17.24	235.69	0.0944928
17.74	235.565	0.0945362
18.24	235.44	0.0946522
18.74	235.315	0.0947753
19.24	235.19	0.094471
19.74	235.065	0.0933188
20.24	234.94	0.0934275
20.74	234.815	0.0967174
21.24	234.69	0.0960725
21.74	234.565	0.0954638
22.24	234.44	0.0955725
22.74	234.315	0.0977754
23.24	234.19	0.094971
23.74	234.065	0.0962826
24.24	233.94	0.0972391
24.74	233.815	0.0956812
25.24	233.69	0.098
25.74	233.565	0.0979565
26.24	233.44	0.0968985
26.74	233.315	0.0939131
27.24	233.19	0.0984493
27.74	233.065	0.0941232
28.24	232.94	0.0968333
28.74	232.815	0.0981377
29.24	232.69	0.0996667
29.74	232.565	0.0988333
30.24	232.44	0.0999782
30.74	232.315	0.0987609
31.24	232.19	0.0984638
31.74	232.065	0.101014
32.24	231.94	0.100449
32.74	231.815	0.100406
33.24	231.69	0.0977464
33.74	231.565	0.103536
34.24	231.44	0.0997174
34.74	231.315	0.100341
35.24	231.19	0.098732
35.74	231.065	0.0998551
36.24	230.94	0.102471
36.74	230.815	0.10321
37.24	230.69	0.103768
37.74	230.565	0.100515
38.24	230.44	0.101594
38.74	230.315	0.111732
39.24	230.19	0.161674
39.74	230.065	0.493348
40.24	229.94	0.558522
40.74	229.815	0.560116
41.24	229.69	0.560536
41.74	229.565	0.560638
42.24	229.44	0.563667
42.74	229.315	0.565775
43.24	229.19	0.570819
43.74	229.065	0.570717
44.24	228.94	0.572775
44.74	228.815	0.570993
45.24	228.69	0.571674
45.74	228.565	0.570225
46.24	228.44	0.57213
46.74	228.315	0.576732
47.24	228.19	0.577529
47.74	228.065	0.573841
48.24	227.94	0.57113
48.74	227.815	0.575804
49.24	227.69	0.574449
49.74	227.565	0.572362
50.24	227.44	0.572413
50.74	227.315	0.569514
51.24	227.19	0.574783
51.74	227.065	0.572558
52.24	226.94	0.575674
52.74	226.815	0.579457
53.24	226.69	0.57787
53.74	226.565	0.572522
54.24	226.44	0.576942
54.74	226.315	0.576304
55.24	226.19	0.570797
55.74	226.065	0.573964
56.24	225.94	0.574406
56.74	225.815	0.57021
57.24	225.69	0.573478
57.74	225.565	0.577616
58.24	225.44	0.575696
58.74	225.315	0.574391
59.24	225.19	0.573123
59.74	225.065	0.574261
60.24	224.94	0.574587
60.74	224.815	0.572775
61.24	224.69	0.572486
61.74	224.565	0.578935
62.24	224.44	0.578493
62.74	224.315	0.579304
63.24	224.19	0.579797
63.74	224.065	0.573877
64.24	223.94	0.575732
64.74	223.815	0.57413
65.24	223.69	0.578659
65.74	223.565	0.576341
66.24	223.44	0.575652
66.74	223.315	0.574761
67.24	223.19	0.578174
67.74	223.065	0.578232
68.24	222.94	0.57558
68.74	222.815	0.575094
69.24	222.69	0.575638
69.74	222.565	0.575167
70.24	222.44	0.576123
70.74	222.315	0.57637
71.24	222.19	0.579094
71.74	222.065	0.578841
72.24	221.94	0.578507
72.74	221.815	0.577167
73.24	221.69	0.57963
73.74	221.565	0.578225
74.24	221.44	0.576623
74.74	221.315	0.579442
75.24	221.19	0.582268
75.74	221.065	0.583159
76.24	220.94	0.583529
76.74	220.815	0.583152
77.24	220.69	0.583442
77.74	220.565	0.580804
78.24	220.44	0.581167
78.74	220.315	0.580428
79.24	220.19	0.580449
79.74	220.065	0.576572
