0.245	239.939	0.0886232
0.74	239.815	0.0898479
1.24	239.69	0.0893188
1.74	239.565	0.0902899
2.24	239.44	0.0913913
2.74	239.315	0.0923333
3.24	239.19	0.088529
3.74	239.065	0.0933768
4.24	238.94	0.0915942
4.74	238.815	0.0894638
5.24	238.69	0.0915072
5.74	238.565	0.0914348
6.24	238.44	0.0932754
6.74	238.315	0.0918406
7.24	238.19	0.0927681
7.74	238.065	0.090913
8.24	237.94	0.0917174
8.74	237.815	0.0912247
9.24	237.69	0.0929058
9.74	237.565	0.0901667
10.24	237.44	0.0938841
10.74	237.315	0.0935942
11.24	237.19	0.0908478
11.74	237.065	0.092674
12.24	236.94	0.092471
12.74	236.815	0.091029
13.24	236.69	0.0932174
13.74	236.565	0.0934783
14.24	236.44	0.0931811
14.74	236.315	0.0939203
15.24	236.19	0.0936884
15.74	236.065	0.0968696
16.24	235.94	0.094116
16.74	235.815	0.0937392
17.24	235.69	0.0948333
17.74	235.565	0.0955
18.24	235.44	0.0961594
18.74	235.315	0.0939565
19.24	235.19	0.095558
19.74	235.065	0.0954131
20.24	234.94	0.0946304
20.74	234.815	0.0954638
21.24	234.69	0.0969928
21.74	234.565	0.0926304
22.24	234.44	0.0981956
22.74	234.315	0.0934783
23.24	234.19	0.096616
23.74	234.065	0.0957681
24.24	233.94	0.0974927
24.74	233.815	0.097971
25.24	233.69	0.0957029
25.74	233.565	0.0988623
26.24	233.44	0.0967174
26.74	233.315	0.0954855
27.24	233.19	0.0979493
27.74	233.065	0.0980073
28.24	232.94	0.0967464
28.74	232.815	0.0996159
29.24	232.69	0.099471
29.74	232.565	0.102442
30.24	232.44	0.0996667
30.74	232.315	0.0982681
31.24	232.19	0.0967319
31.74	232.065	0.104275
32.24	231.94	0.0991521
32.74	231.815	0.0998334
33.24	231.69	0.0983406
33.74	231.565	0.101377
34.24	231.44	0.101906
34.74	231.315	0.099058
35.24	231.19	0.10287
35.74	231.065	0.280109
36.24	230.94	0.565391
36.74	230.815	0.574406
37.24	230.69	0.568275
37.74	230.565	0.567427
38.24	230.44	0.568022
38.74	230.315	0.569087
39.24	230.19	0.567101
39.74	230.065	0.566254
40.24	229.94	0.56971
40.74	229.815	0.57013
41.24	229.69	0.567971
41.74	229.565	0.569015
42.24	229.44	0.570254
42.74	229.315	0.571928
43.24	229.19	0.571304
43.74	229.065	0.572007
44.24	228.94	0.571623
44.74	228.815	0.569225
45.24	228.69	0.570949
45.74	228.565	0.572014
46.24	228.44	0.572725
46.74	228.315	0.571732
47.24	228.19	0.572485
47.74	228.065	0.572007
48.24	227.94	0.571964
48.74	227.815	0.570696
49.24	227.69	0.572348
49.74	227.565	0.572152
50.24	227.44	0.571862
50.74	227.315	0.572551
51.24	227.19	0.570623
51.74	227.065	0.571514
52.24	226.94	0.572732
52.74	226.815	0.573254
53.24	226.69	0.572855
53.74	226.565	0.572616
54.24	226.44	0.572551
54.74	226.315	0.571362
55.24	226.19	0.573377
55.74	226.065	0.572645
56.24	225.94	0.572746
56.74	225.815	0.573435
57.24	225.69	0.572775
57.74	225.565	0.572681
58.24	225.44	0.572377
58.74	225.315	0.573732
59.24	225.19	0.573891
59.74	225.065	0.573232
60.24	224.94	0.573971
60.74	224.815	0.574348
61.24	224.69	0.572993
61.74	224.565	0.573558
62.24	224.44	0.573819
62.74	224.315	0.57316
63.24	224.19	0.572833
63.74	224.065	0.574312
64.24	223.94	0.574384
64.74	223.815	0.573572
65.24	223.69	0.574246
65.74	223.565	0.573543
66.24	223.44	0.573145
66.74	223.315	0.575341
67.24	223.19	0.575036
67.74	223.065	0.574065
68.24	222.94	0.575036
68.74	222.815	0.575225
69.24	222.69	0.574957
69.74	222.565	0.575681
70.24	222.44	0.573703
70.74	222.315	0.574899
71.24	222.19	0.574848
71.74	222.065	0.575522
72.24	221.94	0.575522
72.74	221.815	0.574449
73.24	221.69	0.574558
73.74	221.565	0.574804
74.24	221.44	0.57542
74.74	221.315	0.575043
75.24	221.19	0.575848
75.74	221.065	0.574145
76.24	220.94	0.575732
76.74	220.815	0.576094
77.24	220.69	0.575652
77.74	220.565	0.57521
78.24	220.44	0.574862
78.74	220.315	0.574522
79.24	220.19	0.575471
79.74	220.065	0.576036
