0.245	239.939	0.0885
0.74	239.815	0.0922609
1.24	239.69	0.0910217
1.74	239.565	0.0883116
2.24	239.44	0.0907391
2.74	239.315	0.0906956
3.24	239.19	0.0903478
3.74	239.065	0.0907029
4.24	238.94	0.0924565
4.74	238.815	0.0914928
5.24	238.69	0.0923768
5.74	238.565	0.0911667
6.24	238.44	0.091442
6.74	238.315	0.0914927
7.24	238.19	0.0928841
7.74	238.065	0.0919565
8.24	237.94	0.0899275
8.74	237.815	0.0919493
9.24	237.69	0.0914058
9.74	237.565	0.0921159
10.24	237.44	0.0951884
10.74	237.315	0.0935942
11.24	237.19	0.0923768
11.74	237.065	0.0910797
12.24	236.94	0.0934493
12.74	236.815	0.0934493
13.24	236.69	0.0945507
13.74	236.565	0.0917536
14.24	236.44	0.0933768
14.74	236.315	0.096884
15.24	236.19	0.0931884
15.74	236.065	0.0934782
16.24	235.94	0.0943623
16.74	235.815	0.0948044
17.24	235.69	0.0926305
17.74	235.565	0.0946594
18.24	235.44	0.0951739
18.74	235.315	0.0955652
19.24	235.19	0.0950725
19.74	235.065	0.0943333
20.24	234.94	0.0960797
20.74	234.815	0.0955797
21.24	234.69	0.0992681
21.74	234.565	0.0950942
22.24	234.44	0.0956449
22.74	234.315	0.0961232
23.24	234.19	0.0962536
23.74	234.065	0.0990507
24.24	233.94	0.095
24.74	233.815	0.0959927
25.24	233.69	0.0973406
25.74	233.565	0.0998551
26.24	233.44	0.0968115
26.74	233.315	0.0972319
27.24	233.19	0.0977971
27.74	233.065	0.0982537
28.24	232.94	0.0968116
28.74	232.815	0.0975942
29.24	232.69	0.0983912
29.74	232.565	0.0961739
30.24	232.44	0.0990435
30.74	232.315	0.0981957
31.24	232.19	0.0978478
31.74	232.065	0.102717
32.24	231.94	0.0981667
32.74	231.815	0.0987608
33.24	231.69	0.097471
33.74	231.565	0.101601
34.24	231.44	0.102659
34.74	231.315	0.0994783
35.24	231.19	0.100819
35.74	231.065	0.0999131
36.24	230.94	0.101877
36.74	230.815	0.105616
37.24	230.69	0.104384
37.74	230.565	0.105514
38.24	230.44	0.104203
38.74	230.315	0.104906
39.24	230.19	0.102652
39.74	230.065	0.102029
40.24	229.94	0.103536
40.74	229.815	0.10287
41.24	229.69	0.101072
41.74	229.565	0.107217
42.24	229.44	0.104275
42.74	229.315	0.100797
43.24	229.19	0.105899
43.74	229.065	0.103543
44.24	228.94	0.106283
44.74	228.815	0.105942
45.24	228.69	0.107297
45.74	228.565	0.107572
46.24	228.44	0.104768
46.74	228.315	0.101333
47.24	228.19	0.113094
47.74	228.065	0.111181
48.24	227.94	0.105094
48.74	227.815	0.107761
49.24	227.69	0.105768
49.74	227.565	0.107638
50.24	227.44	0.10713
50.74	227.315	0.106471
51.24	227.19	0.109051
51.74	227.065	0.116913
52.24	226.94	0.113333
52.74	226.815	0.108522
53.24	226.69	0.111739
53.74	226.565	0.118399
54.24	226.44	0.18837
54.74	226.315	0.456985
55.24	226.19	0.554123
55.74	226.065	0.556065
56.24	225.94	0.554949
56.74	225.815	0.556493
57.24	225.69	0.559899
57.74	225.565	0.562297
58.24	225.44	0.565703
58.74	225.315	0.563573
59.24	225.19	0.562188
59.74	225.065	0.560442
60.24	224.94	0.564007
60.74	224.815	0.562804
61.24	224.69	0.564326
61.74	224.565	0.563109
62.24	224.44	0.565812
62.74	224.315	0.565391
63.24	224.19	0.564754
63.74	224.065	0.568906
64.24	223.94	0.570015
64.74	223.815	0.571891
65.24	223.69	0.568899
65.74	223.565	0.569116
66.24	223.44	0.571819
66.74	223.315	0.57113
67.24	223.19	0.570833
67.74	223.065	0.568384
68.24	222.94	0.567928
68.74	222.815	0.569406
69.24	222.69	0.562543
69.74	222.565	0.566913
70.24	222.44	0.565985
70.74	222.315	0.570471
71.24	222.19	0.568717
71.74	222.065	0.568652
72.24	221.94	0.571964
72.74	221.815	0.570898
73.24	221.69	0.573739
73.74	221.565	0.571717
74.24	221.44	0.574717
74.74	221.315	0.577174
75.24	221.19	0.576116
75.74	221.065	0.577036
76.24	220.94	0.574507
76.74	220.815	0.575167
77.24	220.69	0.577138
77.74	220.565	0.576239
78.24	220.44	0.577558
78.74	220.315	0.580239
79.24	220.19	0.581638
79.74	220.065	0.579014
