0.245	239.939	0.0901594
0.74	239.815	0.0883551
1.24	239.69	0.0906014
1.74	239.565	0.09
2.24	239.44	0.0905507
2.74	239.315	0.0925725
3.24	239.19	0.092029
3.74	239.065	0.089558
4.24	238.94	0.0914782
4.74	238.815	0.088971
5.24	238.69	0.0900073
5.74	238.565	0.0910652
6.24	238.44	0.0898986
6.74	238.315	0.0915362
7.24	238.19	0.0921522
7.74	238.065	0.0941377
8.24	237.94	0.0905797
8.74	237.815	0.0932537
9.24	237.69	0.0921015
9.74	237.565	0.0939566
10.24	237.44	0.0924638
10.74	237.315	0.0932754
11.24	237.19	0.0923696
11.74	237.065	0.0953333
12.24	236.94	0.0938768
12.74	236.815	0.0932029
13.24	236.69	0.0927319
13.74	236.565	0.0916304
14.24	236.44	0.0931304
14.74	236.315	0.0913551
15.24	236.19	0.0932247
15.74	236.065	0.096413
16.24	235.94	0.0958985
16.74	235.815	0.0937391
17.24	235.69	0.095326
17.74	235.565	0.0919855
18.24	235.44	0.0941232
18.74	235.315	0.0948986
19.24	235.19	0.0965508
19.74	235.065	0.0961739
20.24	234.94	0.095971
20.74	234.815	0.0946015
21.24	234.69	0.0934058
21.74	234.565	0.0962029
22.24	234.44	0.0952174
22.74	234.315	0.0950073
23.24	234.19	0.0982536
23.74	234.065	0.0954275
24.24	233.94	0.0956015
24.74	233.815	0.095471
25.24	233.69	0.0976594
25.74	233.565	0.0967681
26.24	233.44	0.0986885
26.74	233.315	0.100044
27.24	233.19	0.100203
27.74	233.065	0.119036
28.24	232.94	0.209036
28.74	232.815	0.496486
29.24	232.69	0.564087
29.74	232.565	0.56663
30.24	232.44	0.566906
30.74	232.315	0.565406
31.24	232.19	0.567413
31.74	232.065	0.570101
32.24	231.94	0.572732
32.74	231.815	0.574507
33.24	231.69	0.576551
33.74	231.565	0.574819
34.24	231.44	0.575058
34.74	231.315	0.576254
35.24	231.19	0.57508
35.74	231.065	0.574341
36.24	230.94	0.576094
36.74	230.815	0.574036
37.24	230.69	0.574355
37.74	230.565	0.574319
38.24	230.44	0.575522
38.74	230.315	0.574514
39.24	230.19	0.575464
39.74	230.065	0.575761
40.24	229.94	0.575551
40.74	229.815	0.577196
41.24	229.69	0.575094
41.74	229.565	0.574464
42.24	229.44	0.57463
42.74	229.315	0.576406
43.24	229.19	0.576261
43.74	229.065	0.577058
44.24	228.94	0.577804
44.74	228.815	0.575594
45.24	228.69	0.575601
45.74	228.565	0.577428
46.24	228.44	0.577529
46.74	228.315	0.57729
47.24	228.19	0.576435
47.74	228.065	0.576485
48.24	227.94	0.576529
48.74	227.815	0.575029
49.24	227.69	0.575254
49.74	227.565	0.574855
50.24	227.44	0.573587
50.74	227.315	0.574942
51.24	227.19	0.577377
51.74	227.065	0.576478
52.24	226.94	0.576
52.74	226.815	0.576341
53.24	226.69	0.574717
53.74	226.565	0.577131
54.24	226.44	0.576015
54.74	226.315	0.575826
55.24	226.19	0.577688
55.74	226.065	0.578043
56.24	225.94	0.576457
56.74	225.815	0.577007
57.24	225.69	0.577188
57.74	225.565	0.576877
58.24	225.44	0.575978
58.74	225.315	0.576732
59.24	225.19	0.577746
59.74	225.065	0.577399
60.24	224.94	0.5775
60.74	224.815	0.578073
61.24	224.69	0.577891
61.74	224.565	0.575565
62.24	224.44	0.577254
62.74	224.315	0.575978
63.24	224.19	0.577297
63.74	224.065	0.577261
64.24	223.94	0.576442
64.74	223.815	0.577594
65.24	223.69	0.578326
65.74	223.565	0.576333
66.24	223.44	0.578449
66.74	223.315	0.57766
67.24	223.19	0.579558
67.74	223.065	0.576391
68.24	222.94	0.578862
68.74	222.815	0.578986
69.24	222.69	0.579659
69.74	222.565	0.579841
70.24	222.44	0.578739
70.74	222.315	0.577609
71.24	222.19	0.578804
71.74	222.065	0.58092
72.24	221.94	0.578746
72.74	221.815	0.579297
73.24	221.69	0.580551
73.74	221.565	0.57908
74.24	221.44	0.579826
74.74	221.315	0.578812
75.24	221.19	0.578964
75.74	221.065	0.580087
76.24	220.94	0.579956
76.74	220.815	0.579507
77.24	220.69	0.579601
77.74	220.565	0.580377
78.24	220.44	0.578935
78.74	220.315	0.58037
79.24	220.19	0.581094
79.74	220.065	0.58042
