0.245	224.939	0.2325
0.74	224.815	0.238069
1.24	224.69	0.230334
1.74	224.565	0.229077
2.24	224.44	0.235893
2.74	224.315	0.238732
3.24	224.19	0.233678
3.74	224.065	0.234431
4.24	223.94	0.239885
4.74	223.815	0.237375
5.24	223.69	0.235179
5.74	223.565	0.238328
6.24	223.44	0.23751
6.74	223.315	0.241647
7.24	223.19	0.244246
7.74	223.065	0.243558
8.24	222.94	0.238957
8.74	222.815	0.256876
9.24	222.69	0.442061
9.74	222.565	0.726682
10.24	222.44	0.801098
10.74	222.315	0.808548
11.24	222.19	0.808678
11.74	222.065	0.810135
12.24	221.94	0.808633
12.74	221.815	0.810344
13.24	221.69	0.810394
13.74	221.565	0.812824
14.24	221.44	0.810614
14.74	221.315	0.810619
15.24	221.19	0.811262
15.74	221.065	0.810918
16.24	220.94	0.813578
16.74	220.815	0.814456
17.24	220.69	0.814027
17.74	220.565	0.814222
18.24	220.44	0.813184
18.74	220.315	0.813658
19.24	220.19	0.814142
19.74	220.065	0.812235
20.24	219.94	0.813383
20.74	219.815	0.818772
21.24	219.69	0.818658
21.74	219.565	0.816612
22.24	219.44	0.813977
22.74	219.315	0.815105
23.24	219.19	0.815264
23.74	219.065	0.814182
24.24	218.94	0.812745
24.74	218.815	0.816442
25.24	218.69	0.816367
25.74	218.565	0.815304
26.24	218.44	0.816746
26.74	218.315	0.819396
27.24	218.19	0.817635
27.74	218.065	0.815624
28.24	217.94	0.814686
28.74	217.815	0.815739
29.24	217.69	0.816018
29.74	217.565	0.817984
30.24	217.44	0.816218
30.74	217.315	0.817196
31.24	217.19	0.817495
31.74	217.065	0.816617
32.24	216.94	0.818049
32.74	216.815	0.816597
33.24	216.69	0.815828
33.74	216.565	0.816273
34.24	216.44	0.815085
34.74	216.315	0.815838
35.24	216.19	0.817675
35.74	216.065	0.816297
36.24	215.94	0.816372
36.74	215.815	0.819775
37.24	215.69	0.817076
37.74	215.565	0.818199
38.24	215.44	0.817405
38.74	215.315	0.816936
39.24	215.19	0.816737
39.74	215.065	0.816836
40.24	214.94	0.818079
40.74	214.815	0.818134
41.24	214.69	0.818423
41.74	214.565	0.81772
42.24	214.44	0.817989
42.74	214.315	0.818393
43.24	214.19	0.817715
43.74	214.065	0.819646
44.24	213.94	0.819202
44.74	213.815	0.817665
45.24	213.69	0.81992
45.74	213.565	0.81993
46.24	213.44	0.819231
46.74	213.315	0.817829
47.24	213.19	0.82022
47.74	213.065	0.821761
48.24	212.94	0.821237
48.74	212.815	0.819736
49.24	212.69	0.820704
49.74	212.565	0.821342
50.24	212.44	0.822854
50.74	212.315	0.824471
51.24	212.19	0.821981
51.74	212.065	0.820469
52.24	211.94	0.822864
52.74	211.815	0.824251
53.24	211.69	0.823473
53.74	211.565	0.823453
54.24	211.44	0.823698
54.74	211.315	0.823174
55.24	211.19	0.823224
55.74	211.065	0.822595
56.24	210.94	0.822405
56.74	210.815	0.821946
57.24	210.69	0.823568
57.74	210.565	0.822939
58.24	210.44	0.823832
58.74	210.315	0.82502
59.24	210.19	0.823263
59.74	210.065	0.823822
