0.0005 146.045 -2017.2398 143503.17 -144607 11786.5 -156393 0.55197373
0.001 146.04533 -2058.8706 142761.11 -144043 11786.5 -155830 0.95610583
0.0015 150.56572 -1333.247 141675.86 -143406 12151.3 -155557 1.2991628
0.002 154.58493 -935.25105 140830.4 -142792 12475.7 -155267 1.6669
0.0025 157.13361 -949.11314 140280.32 -142187 12681.4 -154868 2.039646
0.003 161.13369 -860.95075 139837.36 -141551 13004.2 -154555 2.3985745
0.0035 163.18301 -826.82321 139425.99 -140812 13169.6 -153982 2.7661852
0.004 165.24657 -992.02232 139032.52 -140418 13336.1 -153754 3.2068266
0.0045 166.73114 -851.73653 138643.48 -139907 13455.9 -153363 3.6324078
0.005 168.38604 -246.37776 138285.89 -139428 13589.5 -153018 4.1531773
0.0055 172.72183 -796.47474 138071.88 -138969 13939.4 -152908 4.7269747
0.006 171.17308 -1000.4655 137860.57 -138465 13814.4 -152279 5.2718096
0.0065 173.36755 -1320.4194 137635.7 -138063 13991.5 -152054 5.8793227
0.007 173.86791 -905.6527 137351.99 -137484 14031.9 -151515 6.4665708
0.0075 173.47131 -870.76461 137074.75 -137054 13999.9 -151054 7.100936
0.008 177.3744 -1052.51 136805.71 -136590 14314.9 -150905 7.8064976
0.0085 179.56818 -900.70881 136554.49 -136250 14491.9 -150742 8.8240992
0.009 179.34559 -938.06377 136337.3 -135826 14474 -150300 9.5825558
0.0095 179.48095 -386.94399 136142.09 -135471 14484.9 -149956 10.373243
0.01 183.50271 -554.40501 136007.28 -134934 14809.5 -149743 11.22036
0.0105 183.20554 -447.56828 135954.46 -134588 14785.5 -149373 12.241831
0.011 187.44628 -331.21805 135909.65 -134134 15127.7 -149262 13.382233
0.0115 188.69483 -579.93751 135917.89 -133782 15228.5 -149011 14.452694
0.012 190.44189 -663.68097 135956.18 -133486 15369.5 -148856 15.513868
0.0125 188.45831 -539.51076 136036.02 -133153 15209.4 -148363 16.394524
0.013 191.16695 -961.50547 136140.92 -132917 15428 -148345 17.434697
0.0135 194.4694 -628.18107 136178.39 -132465 15694.5 -148159 18.593488
0.014 198.37406 -846.17114 136211.52 -132099 16009.7 -148109 19.642289
0.0145 195.47307 -75.441484 136294.8 -131735 15775.5 -147510 20.92269
0.015 196.6791 -381.19526 136525.54 -131632 15872.9 -147505 22.090275
0.0155 198.76298 -744.36286 136808.88 -131191 16041.1 -147232 23.342198
0.016 200.16691 -435.54832 137062.16 -130922 16154.4 -147076 24.619725
0.0165 201.00255 -598.7606 137255.79 -130720 16221.8 -146942 26.107761
0.017 202.35685 -460.32528 137370.13 -130452 16331.1 -146783 27.600819
0.0175 201.14736 -841.96047 137433.75 -130048 16233.5 -146282 28.993607
0.018 207.38958 -897.82856 137507.43 -129933 16737.3 -146670 30.382608
0.0185 202.36582 -424.7973 137598.57 -129608 16331.8 -145940 31.690887
0.019 206.65273 -846.96624 137680.52 -129401 16677.8 -146079 33.017714
0.0195 206.4938 -497.66807 137734.75 -129169 16665 -145834 34.519515
0.02 211.30306 -552.79595 137751.1 -128815 17053.1 -145868 35.945853
0.0205 213.2404 -573.2026 137787.73 -128637 17209.4 -145846 37.612483
0.021 213.8856 -621.17446 137855.49 -128468 17261.5 -145729 39.240992
0.0215 212.0848 -708.10053 137927.66 -128156 17116.2 -145272 40.929285
0.022 214.80138 -543.76785 138002.37 -127891 17335.4 -145226 42.527207
0.0225 209.86845 -925.70743 138087.74 -127746 16937.3 -144683 44.04392
0.023 213.45154 -566.10631 138157.34 -127602 17226.5 -144829 45.991647
0.0235 215.58574 -274.78183 138201.46 -127375 17398.7 -144773 47.645972
0.024 218.16911 -744.49661 138370.75 -127321 17607.2 -144928 49.172448
0.0245 216.54781 -1057.8689 138646.26 -127375 17476.4 -144852 50.83322
0.025 212.4774 -765.27514 138848.58 -127373 17147.9 -144521 52.563562
0.0255 220.77106 -358.09881 138934.56 -127036 17817.2 -144853 54.428293
0.026 220.3473 -577.84935 139000.95 -127043 17783 -144826 56.187898
0.0265 220.52083 -730.84122 139059.71 -126989 17797 -144786 57.796634
0.027 218.29753 -715.99013 139071.92 -126813 17617.6 -144431 59.439935
0.0275 220.77105 -493.30309 139095.38 -126633 17817.2 -144450 60.956977
0.028 216.86703 -512.227 139181.72 -126628 17502.1 -144130 62.64558
0.0285 220.83812 -495.50843 139226.62 -126480 17822.6 -144303 64.246946
0.029 220.77254 -726.94236 139289.53 -126382 17817.3 -144200 65.816263
0.0295 218.01555 -148.20049 139377.48 -126300 17594.8 -143895 67.584563
0.03 222.59892 -492.26036 139472.96 -126255 17964.7 -144219 69.226973
0.0305 217.96761 -914.55761 139539.84 -126099 17591 -143689 70.61908
0.031 224.15007 -716.22672 139530.03 -125836 18089.9 -143926 71.985647
0.0315 225.59014 -498.99893 139427.2 -125683 18206.1 -143889 73.624714
0.032 226.90023 -752.29727 139312.72 -125555 18311.9 -143867 75.257244
0.0325 223.18298 -640.94648 139168.62 -125416 18011.9 -143428 76.812027
0.033 227.76188 -586.67949 139017.9 -125405 18381.4 -143786 79.015256
0.0335 223.29575 -483.49563 138959.03 -125458 18021 -143479 80.966091
0.034 225.83948 -106.94284 139023.47 -125471 18226.2 -143698 82.932863
0.0345 223.54276 -474.01239 139194.7 -125576 18040.9 -143616 84.348887
0.035 223.66427 -362.04385 139415.43 -125543 18050.7 -143593 86.010231
0.0355 224.14371 -512.42937 139669.16 -125431 18089.4 -143521 87.65262
0.036 224.79057 -856.79819 139890.98 -125338 18141.6 -143480 89.134802
0.0365 224.92503 -845.12147 140003.65 -125216 18152.4 -143368 90.745137
0.037 226.29611 -586.55415 140038.5 -125046 18263.1 -143309 91.569928
0.0375 228.10444 -894.71699 140077.01 -124691 18409 -143100 93.284961
0.038 228.28784 -249.59698 140088.64 -124656 18423.8 -143080 94.681538
0.0385 229.59419 -1042.4449 140077.79 -124478 18529.3 -143007 95.59487
0.039 229.28023 -644.62951 140005.34 -124365 18503.9 -142869 97.232645
0.0395 225.71832 -660.45154 139963.64 -124307 18216.5 -142523 98.785001
0.04 229.22748 -765.97134 139960.03 -124430 18499.7 -142929 101.12546
0.0405 224.4652 -733.19619 139995.27 -124383 18115.3 -142498 103.15232
0.041 229.65041 -700.55391 140027.74 -124334 18533.8 -142868 104.96011
0.0415 230.13853 -206.7614 140043.15 -124410 18573.2 -142983 106.34151
0.042 234.48383 -730.49934 140136.16 -124310 18923.9 -143234 107.81605
0.0425 227.67902 -969.95534 140249.59 -124221 18374.7 -142596 109.19287
0.043 227.84216 -657.73928 140327.56 -124148 18387.9 -142536 111.18222
0.0435 230.33489 -510.04604 140391.84 -124124 18589 -142713 112.85485
0.044 230.80743 -418.40576 140480.63 -124085 18627.2 -142713 114.90085
0.0445 231.17286 -634.58453 140593.31 -123977 18656.7 -142634 116.51094
0.045 231.40212 -835.39832 140663.41 -123966 18675.2 -142641 118.50245
0.0455 233.30855 -677.83282 140739.81 -123862 18829 -142691 120.01634
0.046 230.92008 -503.27991 140759.48 -123804 18636.3 -142440 122.09031
0.0465 231.83195 -708.80343 140742.49 -123651 18709.9 -142361 124.31015
0.047 233.98217 -711.76881 140734.23 -123688 18883.4 -142572 126.62317
0.0475 228.55501 -524.73863 140750.3 -123740 18445.4 -142185 128.60958
0.048 235.89606 -1134.2346 140784.58 -123619 19037.9 -142657 130.36127
0.0485 231.04688 -1116.8438 140794.22 -123561 18646.5 -142207 132.38008
0.049 234.70805 -1027.2627 140712.39 -123535 18942 -142477 133.99944
0.0495 232.90219 -833.2285 140588.22 -123548 18796.2 -142344 135.08345
0.05 232.53285 -687.29035 140447.96 -123516 18766.4 -142282 136.92935
0.0505 231.69819 -662.52679 140310.01 -123550 18699.1 -142249 139.15899
0.051 238.79446 -225.82325 140173.4 -123505 19271.8 -142776 140.90098
0.0515 234.28565 -703.20692 140123.67 -123567 18907.9 -142475 142.67968
0.052 230.65359 -309.27068 140118.2 -123400 18614.8 -142015 143.98672
0.0525 236.0577 -248.40313 140177.26 -123322 19050.9 -142373 145.56132
0.053 231.45274 -602.19225 140237.4 -123173 18679.3 -141852 147.15917
0.0535 234.94262 -623.08862 140323.77 -123161 18960.9 -142121 149.00579
0.054 236.58688 -314.30998 140462.89 -123160 19093.6 -142254 150.45169
0.0545 234.95895 -940.98098 140651.54 -123089 18962.2 -142051 152.36937
0.055 236.63741 -460.31983 140766.45 -123126 19097.7 -142224 154.20996
0.0555 238.05429 -956.3943 140846.14 -123165 19212 -142377 156.28645
0.056 236.48487 -415.68398 140897.81 -123072 19085.4 -142157 158.24631
0.0565 238.03952 -736.84037 141002.8 -123016 19210.8 -142227 160.18526
0.057 237.30127 -394.19868 141153.89 -122885 19151.3 -142037 161.86604
0.0575 238.37556 -522.44394 141346.95 -122906 19238 -142144 163.7415
0.058 235.3276 -1086.1542 141523.55 -122961 18992 -141953 165.54462
0.0585 234.2781 -849.56491 141553.01 -122977 18907.3 -141884 167.55373
0.059 234.77908 -925.99015 141541.77 -122821 18947.7 -141769 169.24409
0.0595 232.90308 -929.26841 141506.25 -122765 18796.3 -141561 170.91516
0.06 234.16328 -798.0995 141411.24 -122856 18898 -141754 172.4667
0.0605 233.39171 -502.20233 141290.42 -123003 18835.7 -141838 174.4366
0.061 235.69362 -208.79585 141136.41 -122969 19021.5 -141990 176.12981
0.0615 234.15916 -688.90812 141003.62 -122886 18897.7 -141784 177.73641
0.062 232.3409 -702.45674 140892.65 -122812 18750.9 -141563 179.71787
0.0625 235.96361 -459.27437 140757.36 -122689 19043.3 -141733 181.47307
0.063 234.09273 -866.74867 140674.57 -122753 18892.3 -141645 182.70724
0.0635 237.08346 -736.06639 140635.49 -122856 19133.7 -141989 184.92259
0.064 239.6247 -522.79827 140678.74 -122659 19338.8 -141998 186.62321
0.0645 238.32319 -845.24463 140728.34 -122646 19233.7 -141880 189.05715
0.065 240.37345 -524.70267 140740.46 -122617 19399.2 -142016 191.53829
0.0655 235.22381 -660.56072 140860.98 -122614 18983.6 -141598 193.33966
0.066 232.16067 -82.0855 141000.72 -122804 18736.4 -141541 195.5396
0.0665 235.8875 -844.65881 141086.16 -122940 19037.2 -141978 196.87259
0.067 236.85507 -724.58391 141127.06 -122953 19115.3 -142068 199.27186
0.0675 240.27295 -416.59725 141097.1 -123053 19391.1 -142444 201.19032
0.068 235.62223 -929.24249 141048.68 -123017 19015.8 -142033 203.24574
0.0685 233.57077 -1009.5286 140967.26 -123112 18850.2 -141962 205.08328
0.069 232.5162 -593.54788 140818.22 -123151 18765.1 -141916 206.94993
0.0695 234.20422 -224.93435 140705.16 -123090 18901.3 -141991 208.96186
0.07 234.73719 -581.03192 140662.3 -123061 18944.3 -142005 211.28296
0.0705 237.50105 -794.27943 140619.57 -122990 19167.4 -142157 213.67469
0.071 237.58965 -785.9539 140637.92 -122872 19174.5 -142047 216.02517
0.0715 238.28821 -533.39893 140641.59 -122820 19230.9 -142051 217.62751
0.072 235.77144 -808.90296 140660.59 -122839 19027.8 -141867 219.84043
0.0725 241.46063 -415.19892 140626.15 -122668 19486.9 -142155 221.3424
0.073 236.55834 -747.20163 140616.19 -122707 19091.3 -141798 223.44673
0.0735 242.42709 -936.57818 140654.05 -122774 19564.9 -142339 225.19529
0.074 239.34883 -531.71375 140712.06 -122775 19316.5 -142092 226.66927
0.0745 233.7144 -925.44465 140767.17 -122749 18861.8 -141610 227.9375
0.075 231.04388 -858.97045 140754 -122736 18646.3 -141382 228.99
0.0755 239.87472 -419.1431 140735.98 -122948 19359 -142307 230.3698
0.076 234.94611 -797.28235 140706.19 -122962 18961.2 -141923 231.7841
0.0765 239.39318 -745.18915 140666.98 -122911 19320.1 -142231 233.50686
0.077 237.29233 -779.68723 140646.91 -122922 19150.5 -142072 235.04003
0.0775 233.93856 -961.33004 140678.53 -122945 18879.9 -141825 236.76148
0.078 238.28829 -718.63715 140700.36 -123128 19230.9 -142358 238.17811
0.0785 232.08575 -335.92506 140771.36 -122970 18730.3 -141700 240.07666
0.079 238.09281 -413.28263 140902.52 -122924 19215.1 -142139 241.95475
0.0795 235.85761 -201.43632 141061.14 -122930 19034.8 -141965 243.69012
0.08 237.61416 -708.85787 141262.35 -122910 19176.5 -142086 245.33346
0.0805 238.48634 -807.64021 141474.22 -122983 19246.9 -142230 247.89136
0.081 230.81123 -818.13402 141647.7 -123031 18627.5 -141658 250.34313
0.0815 232.70617 -831.81145 141717.19 -123134 18780.4 -141915 252.34359
0.082 234.36242 -776.08833 141711.41 -123022 18914.1 -141936 253.28721
0.0825 232.42526 -772.68309 141714.86 -122996 18757.7 -141754 255.20252
0.083 235.3998 -554.66438 141675.83 -122986 18997.8 -141983 258.32143
0.0835 235.45213 -330.80528 141594.64 -123126 19002 -142128 259.6455
0.084 234.67991 -324.47572 141470.13 -123129 18939.7 -142068 262.09084
0.0845 234.26621 -896.48828 141287.81 -123087 18906.3 -141994 264.59142
0.085 234.29222 -879.21078 141049.43 -123016 18908.4 -141924 266.92443
0.0855 237.0296 -790.31064 140837.58 -122911 19129.3 -142040 268.58033
0.086 234.64625 -347.1332 140641.72 -122901 18937 -141838 270.74349
0.0865 234.41315 -297.69619 140529.25 -122802 18918.2 -141720 272.72161
0.087 236.35103 -825.97973 140527.72 -122711 19074.6 -141785 274.5121
0.0875 234.60098 -353.91364 140556.24 -122603 18933.3 -141536 276.75241
0.088 238.70687 -953.4988 140629.79 -122518 19264.7 -141783 278.10797
0.0885 238.26205 -608.89009 140661.75 -122431 19228.8 -141660 279.17208
0.089 239.49721 -778.74477 140748.88 -122455 19328.5 -141783 281.70568
0.0895 239.44589 -395.44821 140803.28 -122465 19324.3 -141789 283.11314
0.09 234.74632 -1108.5117 140914.35 -122432 18945.1 -141377 284.70517
0.0905 238.028 -554.8103 141032.78 -122484 19209.9 -141694 286.48911
0.091 244.29132 -757.58937 141118.91 -122440 19715.4 -142155 289.35727
0.0915 239.11731 -905.20017 141208.88 -122438 19297.8 -141736 291.19028
0.092 235.97221 -792.91116 141232.55 -122311 19044 -141355 293.24497
0.0925 237.12108 -768.13991 141181.25 -122315 19136.7 -141452 295.9651
0.093 240.00227 -649.57223 141181.45 -122513 19369.2 -141882 298.56068
0.0935 237.54903 -1189.0515 141233.94 -122536 19171.3 -141707 299.94167
0.094 240.53427 -722.82109 141256.6 -122596 19412.2 -142008 300.72984
0.0945 236.83632 -696.58617 141259.17 -122640 19113.7 -141754 302.46221
0.095 232.88554 -908.76469 141244.74 -122632 18794.9 -141426 305.06381
0.0955 231.51446 -671.58194 141136.32 -122719 18684.2 -141403 307.11969
0.096 235.39355 -299.6043 140986.36 -122663 18997.3 -141661 309.38555
0.0965 236.83958 -386.40003 140854.32 -122529 19114 -141643 310.86607
0.097 245.76552 -302.46961 140704.77 -122618 19834.4 -142452 312.85367
0.0975 239.27177 -382.0956 140603.99 -122829 19310.3 -142139 315.23129
0.098 239.47952 -464.08947 140548.1 -122820 19327.1 -142148 317.69801
0.0985 239.11789 -229.31831 140541.69 -122760 19297.9 -142058 320.22818
0.099 235.63113 -682.44578 140636.35 -122667 19016.5 -141683 322.91091
0.0995 235.28396 -734.19319 140768.68 -122679 18988.5 -141667 324.79538
0.1 235.03205 -967.72154 140865.03 -122774 18968.1 -141742 326.57291
0.1005 235.95938 -680.82635 140964.04 -122759 19043 -141802 328.70182
0.101 237.17058 -644.78378 141080.75 -122771 19140.7 -141912 331.36421
0.1015 238.28982 -744.9152 141169.28 -122746 19231 -141977 333.0408
0.102 239.50884 -245.15109 141275.21 -122769 19329.4 -142099 335.19944
0.1025 237.91912 -350.20808 141440.64 -122579 19201.1 -141780 337.398
0.103 239.30655 -601.88477 141560.53 -122525 19313.1 -141838 339.67603
0.1035 234.64626 -843.34933 141585.39 -122579 18937 -141516 341.61681
0.104 234.69522 -781.82257 141503.81 -122657 18940.9 -141598 343.33024
0.1045 241.37826 -355.66794 141367.85 -122511 19480.3 -141991 344.83159
0.105 237.77155 -535.42616 141291.78 -122516 19189.2 -141705 346.73545
0.1055 234.83838 -568.70814 141279.46 -122541 18952.5 -141494 348.20034
0.106 233.80622 -396.57205 141298.08 -122552 18869.2 -141421 349.40091
0.1065 237.19779 -540.31907 141348.97 -122646 19142.9 -141789 351.30997
0.107 233.20454 -853.94256 141397.05 -122704 18820.6 -141524 354.3076
0.1075 233.86712 -754.43585 141455.37 -122645 18874.1 -141519 355.28773
0.108 235.17945 -825.91195 141558.13 -122613 18980 -141593 357.6962
0.1085 240.26782 -673.51304 141698.66 -122695 19390.7 -142085 359.55463
0.109 235.56502 -815.23973 141820.68 -122670 19011.1 -141681 361.79412
0.1095 237.27117 -1022.005 141889.01 -122774 19148.8 -141923 363.94854
0.11 234.81429 -513.96029 141845.47 -122828 18950.6 -141778 364.7969
0.1105 234.29941 -845.74775 141754.54 -122880 18909 -141789 365.67906
0.111 238.06429 -1009.9623 141654.91 -123024 19212.8 -142237 366.89325
0.1115 234.96799 -875.12835 141471.92 -122989 18963 -141952 369.0193
0.112 236.6 -664.42304 141213.89 -122990 19094.7 -142085 370.41828
0.1125 233.1076 -500.20562 140950.4 -122948 18812.8 -141761 371.73517
0.113 232.97381 -628.60811 140733.34 -123057 18802 -141859 373.06033
0.1135 237.9899 -329.61665 140592.76 -123066 19206.8 -142273 375.16156
0.114 238.38441 -345.03295 140523.09 -123098 19238.7 -142337 375.5144
0.1145 237.89335 -603.18355 140609.39 -123039 19199 -142238 376.0928
0.115 234.29588 -683.22412 140811.84 -122818 18908.7 -141726 378.69616
0.1155 232.04206 -769.88946 140973.34 -122777 18726.8 -141504 380.39804
0.116 233.65507 -642.73549 141019.39 -122944 18857 -141801 381.38422
0.1165 234.90008 -613.96575 141030.09 -123114 18957.5 -142071 383.67971
0.117 232.1517 -374.85588 141031.89 -123023 18735.7 -141758 385.70002
0.1175 235.12741 -472.52195 141084.33 -123179 18975.8 -142155 387.07414
0.118 234.29929 -694.24513 141166.02 -123287 18909 -142196 389.36029
0.1185 234.61433 -483.0932 141203.24 -123317 18934.4 -142251 390.90869
0.119 237.50988 -432.32097 141200.84 -123203 19168.1 -142371 392.67021
0.1195 238.11315 -434.03086 141141.43 -123290 19216.8 -142507 394.02635
0.12 234.87599 -629.8217 141085.45 -123265 18955.5 -142221 395.52211
0.1205 234.88934 -593.56343 141014 -123349 18956.6 -142306 396.44078
0.121 233.94876 -436.57673 140978.68 -123203 18880.7 -142083 398.21946
0.1215 236.14567 -757.31573 140962.02 -123220 19058 -142278 398.99479
0.122 236.37401 -868.20268 140962.56 -123086 19076.4 -142162 399.89901
0.1225 236.26342 -795.59953 141004.85 -123102 19067.5 -142169 402.45995
0.123 238.17425 -938.10795 141034.83 -122922 19221.7 -142144 404.09976
0.1235 235.73287 -649.24285 141042.4 -123032 19024.7 -142057 406.42746
0.124 235.49635 -539.85079 141044.81 -122922 19005.6 -141927 408.23373
0.1245 238.12721 -775.36759 141111.7 -122875 19217.9 -142093 409.6058
0.125 235.45786 -947.0852 141162.27 -122923 19002.5 -141926 411.72274
0.1255 234.29032 -701.65173 141163.76 -122883 18908.3 -141791 413.41382
0.126 240.43299 -1055.1439 141071.24 -122956 19404 -142360 415.3766
0.1265 234.00304 -188.485 140926.5 -122922 18885.1 -141807 417.47364
0.127 235.3659 -422.25533 140808.03 -123003 18995.1 -141998 419.42452
0.1275 236.89043 -941.28298 140773.91 -122976 19118.1 -142094 421.74777
0.128 237.93981 -665.54669 140777.9 -123037 19202.8 -142240 423.27817
0.1285 236.32205 -405.87739 140789.32 -123111 19072.2 -142184 424.89517
0.129 235.22096 -949.94919 140778.73 -123134 18983.4 -142117 425.98854
0.1295 230.37804 -391.06899 140791.7 -123092 18592.5 -141685 426.34765
0.13 237.65426 -556.35127 140881.54 -122886 19179.8 -142066 427.90618
0.1305 234.96911 -782.44689 141002.33 -122854 18963 -141817 430.79731
0.131 236.29731 -870.62912 141112.82 -122843 19070.2 -141913 432.40842
0.1315 235.64192 -817.87095 141190.96 -122917 19017.3 -141934 435.17857
0.132 233.56709 -1124.4136 141173.68 -122766 18849.9 -141616 436.45325
0.1325 235.87438 -733.53156 141055.41 -122825 19036.1 -141861 438.54301
0.133 236.01505 -567.21462 140940.82 -122866 19047.5 -141914 439.92742
0.1335 231.98617 -984.09046 140824.57 -122825 18722.3 -141547 442.06228
0.134 235.90326 -793.89845 140702.87 -122872 19038.4 -141910 443.62322
0.1345 238.97461 -317.21158 140570.33 -122794 19286.3 -142081 445.22254
0.135 238.95256 -578.52193 140467.66 -122882 19284.5 -142167 445.83193
0.1355 236.72251 -538.34587 140428.55 -122822 19104.6 -141927 446.59116
0.136 234.30107 -786.68889 140464.93 -122878 18909.1 -141787 447.72129
0.1365 235.43113 -710.7922 140516.89 -122982 19000.3 -141983 449.09635
0.137 234.15435 -654.48817 140613.55 -123080 18897.3 -141977 450.43331
0.1375 236.0427 -410.39529 140690.28 -122980 19049.7 -142030 451.96408
0.138 234.85 -161.93439 140711.58 -122938 18953.4 -141892 453.49155
0.1385 233.25715 -859.97319 140745.42 -122915 18824.9 -141740 454.63982
0.139 236.41045 -256.65265 140722.42 -122985 19079.4 -142064 455.4694
0.1395 235.25611 -597.91685 140677.46 -122979 18986.2 -141965 457.12391
0.14 233.39701 -611.46607 140649.7 -123057 18836.2 -141893 458.79377
0.1405 238.36954 -386.30622 140669.03 -123068 19237.5 -142305 460.55421
0.141 234.4335 -687.9373 140764.98 -122997 18919.8 -141917 461.75703
0.1415 239.59769 -489.83149 140875.04 -123058 19336.6 -142395 463.54777
0.142 233.0522 -993.16552 141010.53 -123115 18808.3 -141923 465.62396
0.1425 236.59715 -508.20312 141094.25 -123276 19094.4 -142370 467.72678
0.143 234.57426 -462.90941 141161.51 -123244 18931.2 -142175 469.07572
0.1435 232.68368 -727.85165 141223.5 -123276 18778.6 -142055 469.90763
0.144 230.71758 -630.28382 141274.83 -123280 18619.9 -141900 470.85676
0.1445 233.15765 -830.3331 141309.55 -123233 18816.9 -142050 472.212
0.145 230.6854 -940.21239 141282.91 -123122 18617.3 -141739 473.47885
0.1455 234.27604 -755.96491 141203.32 -123209 18907.1 -142116 474.70888
0.146 236.00665 0.67244595 141072.69 -123149 19046.8 -142196 475.49306
0.1465 234.91207 -732.07319 140973.06 -123045 18958.4 -142004 476.98501
0.147 232.0531 -703.1035 140892.72 -123011 18727.7 -141738 478.9377
0.1475 238.07839 -682.17207 140796.51 -123121 19214 -142335 480.81845
0.148 237.73381 -632.03992 140693.66 -123028 19186.2 -142214 482.52733
0.1485 233.60865 -230.39345 140612.4 -123080 18853.3 -141934 483.40876
0.149 233.55923 -511.06526 140596.94 -123149 18849.3 -141998 484.12532
0.1495 235.46563 -501.27876 140562.19 -123213 19003.1 -142216 485.68761
0.15 233.95271 -392.02281 140597.66 -123349 18881 -142230 487.66282
0.1505 233.67661 -329.50552 140692.08 -123404 18858.7 -142262 488.99107
0.151 231.53503 -460.3293 140809.31 -123466 18685.9 -142152 490.68215
0.1515 232.22242 -870.08464 140955.44 -123498 18741.4 -142240 493.07931
0.152 232.10785 -840.31995 141059.51 -123582 18732.1 -142314 495.07218
0.1525 230.08295 -808.17983 141121.96 -123555 18568.7 -142124 496.90795
0.153 230.95108 -875.09603 141174.69 -123504 18638.8 -142143 499.32829
0.1535 231.91846 -582.08079 141204.05 -123559 18716.8 -142276 499.93455
0.154 230.14747 -779.25569 141225.63 -123707 18573.9 -142280 501.66886
0.1545 227.27803 -272.40245 141224.01 -123953 18342.3 -142295 502.99294
0.155 224.01264 -1014.8582 141221.14 -124034 18078.8 -142113 504.40449
0.1555 231.7602 -891.04654 141150.54 -123933 18704.1 -142637 505.60384
0.156 227.67066 -299.75705 141032.55 -123773 18374 -142147 507.62586
0.1565 230.65438 -491.55121 140884.19 -123646 18614.8 -142261 509.35347
0.157 232.94725 -939.05547 140780.52 -123500 18799.9 -142300 512.03275
0.1575 234.67637 -741.71959 140643.83 -123476 18939.4 -142416 513.56795
0.158 232.09874 -1027.6538 140455.86 -123564 18731.4 -142295 514.5317
0.1585 229.4709 -366.72456 140306.71 -123513 18519.3 -142032 515.16803
0.159 230.81558 -329.52794 140273.11 -123488 18627.8 -142115 516.1883
0.1595 234.86557 -824.96225 140333.15 -123469 18954.7 -142423 518.38197
0.16 233.49629 -951.32444 140464.08 -123432 18844.2 -142276 520.49784
0.1605 234.62402 -745.90761 140607.75 -123411 18935.2 -142346 522.39732
0.161 230.94526 -342.3461 140751.88 -123476 18638.3 -142115 525.35995
0.1615 235.92727 -585.08321 140902.39 -123328 19040.4 -142368 527.93163
0.162 230.50551 -555.09642 141059.75 -123150 18602.8 -141753 530.66165
0.1625 236.96963 -305.87714 141231.97 -123162 19124.5 -142287 533.75628
0.163 234.40952 -1131.4094 141405.17 -123083 18917.9 -142000 535.31652
0.1635 234.02743 -588.4891 141436.24 -123024 18887.1 -141911 536.41588
0.164 233.52909 -1011.7912 141364.34 -123115 18846.8 -141962 538.16564
0.1645 234.78829 -790.50311 141128.32 -123035 18948.5 -141983 538.61538
0.165 234.81754 -319.12775 140914.86 -123146 18950.8 -142097 539.16189
0.1655 234.97518 -753.91037 140782.33 -123253 18963.5 -142216 540.93227
0.166 234.72911 -1021.1188 140663.9 -123303 18943.7 -142247 541.79235
0.1665 234.58627 -505.2497 140524 -123303 18932.2 -142235 542.55375
0.167 230.67028 -824.20958 140408.08 -123128 18616.1 -141744 544.97883
0.1675 237.47713 -707.74222 140262.61 -123140 19165.5 -142306 546.32082
0.168 236.82323 -612.54311 140106.52 -123062 19112.7 -142175 548.9105
0.1685 236.14914 -112.92977 139943.97 -122985 19058.3 -142043 550.93192
0.169 236.28746 -472.28476 139881.86 -123061 19069.4 -142131 553.47807
0.1695 242.58472 -419.2118 139906.69 -123150 19577.7 -142728 555.45271
0.17 233.86645 -415.20712 139994.12 -123156 18874.1 -142030 558.79586
0.1705 232.30732 -271.82794 140086.94 -123113 18748.2 -141861 561.26805
0.171 237.13567 -720.27623 140308.82 -123069 19137.9 -142207 563.58738
0.1715 234.64252 -767.3934 140543.63 -123107 18936.7 -142044 566.34567
0.172 234.36097 -629.87921 140766.17 -123073 18914 -141987 568.14014
0.1725 231.22071 -707.0976 140960.08 -123238 18660.5 -141899 569.87866
0.173 233.58981 -295.93588 141128.93 -123311 18851.7 -142163 572.75326
0.1735 231.99806 -530.75414 141236.73 -123337 18723.3 -142060 573.36759
0.174 233.46747 -418.96387 141314.24 -123302 18841.9 -142144 575.75496
0.1745 230.1671 -776.02087 141370.97 -123379 18575.5 -141954 577.38597
0.175 233.41321 -747.97324 141369.08 -123457 18837.5 -142294 578.94179
0.1755 231.06492 -563.7118 141271.65 -123460 18648 -142108 581.18631
0.176 231.35037 -679.4649 141064.12 -123436 18671 -142107 583.1012
0.1765 234.00984 -1459.1371 140936.35 -123481 18885.6 -142366 584.58402
0.177 229.01608 -163.79925 140844.23 -123507 18482.6 -141990 585.27284
0.1775 229.23582 -561.03508 140811.63 -123655 18500.3 -142156 585.90437
0.178 234.24992 -281.52005 140808.27 -123638 18905 -142543 587.73143
0.1785 234.70584 -713.06246 140834.72 -123727 18941.8 -142669 589.23294
0.179 235.29632 -402.77469 140837.39 -123716 18989.5 -142706 589.88425
0.1795 233.26748 -862.27728 140867.62 -123673 18825.7 -142498 591.04086
0.18 228.93975 -861.57858 140870.65 -123747 18476.5 -142223 592.57206
0.1805 226.59764 -978.78487 140817 -123823 18287.4 -142110 594.94997
0.181 229.9359 -592.4586 140699.51 -123780 18556.8 -142337 596.35295
0.1815 232.93253 -839.99702 140575.97 -123848 18798.7 -142646 597.59982
0.182 229.71404 -565.83534 140462.79 -123927 18538.9 -142466 598.55202
0.1825 234.33666 -725.05132 140360.71 -123999 18912 -142911 600.07006
0.183 230.70212 -443.83067 140276.59 -123977 18618.7 -142595 601.61022
0.1835 231.26223 -708.97871 140241.52 -123837 18663.9 -142501 604.00988
0.184 229.23862 -527.3974 140233.27 -123961 18500.6 -142462 605.29304
0.1845 229.12729 -649.67891 140255.67 -123919 18491.6 -142410 606.00321
0.185 231.40995 -543.85871 140252.22 -123777 18675.8 -142453 606.54576
0.1855 230.36262 -393.57145 140233.2 -123755 18591.3 -142346 608.328
0.186 228.89093 -878.68614 140272.59 -123713 18472.5 -142185 611.79424
0.1865 232.78124 -1002.1279 140348.06 -123584 18786.5 -142370 613.60224
0.187 233.98959 -870.78201 140389.41 -123493 18884 -142377 614.65988
0.1875 230.13969 -725.4401 140394.7 -123315 18573.3 -141889 618.24379
0.188 237.70689 -557.55759 140357.83 -123289 19184 -142473 620.22812
0.1885 236.94684 -771.88092 140269.29 -123335 19122.7 -142458 620.86875
0.189 231.64883 -632.41736 140167.3 -123534 18695.1 -142229 622.45443
0.1895 234.29241 -691.46044 140101.03 -123596 18908.4 -142504 624.53248
0.19 234.61632 -730.19711 140085.48 -123542 18934.6 -142477 627.08301
0.1905 235.3517 -1215.124 140111.52 -123586 18993.9 -142580 628.57655
0.191 229.68138 -770.86604 140093.76 -123543 18536.3 -142079 629.89918
0.1915 231.60344 -758.40282 140071.21 -123520 18691.4 -142211 633.26928
0.192 236.85611 -709.16769 140038.3 -123441 19115.3 -142556 635.46459
0.1925 233.91758 -755.30532 140025.91 -123517 18878.2 -142395 637.72828
0.193 233.08964 -627.43692 140036.68 -123398 18811.4 -142209 640.11235
0.1935 238.4895 -729.05587 140124.53 -123379 19247.2 -142627 641.51002
0.194 237.62115 -206.61581 140210.23 -123263 19177.1 -142440 642.64106
0.1945 237.56101 -735.53111 140283.64 -123232 19172.2 -142405 644.94241
0.195 235.60234 -653.06718 140354.14 -123329 19014.2 -142343 646.66949
0.1955 231.69567 -491.84447 140470.3 -123405 18698.9 -142104 647.60506
0.196 232.6555 -784.51785 140575.11 -123356 18776.3 -142133 649.95512
0.1965 231.61055 -810.1868 140649.6 -123329 18692 -142021 651.96733
0.197 230.83969 -909.64697 140698.06 -123358 18629.8 -141987 653.76667
0.1975 236.34229 -743.74966 140786.85 -123319 19073.9 -142393 656.9826
0.198 233.07259 -748.06161 140934.99 -123354 18810 -142164 659.66832
0.1985 232.20575 8.7705416 141039.87 -123275 18740 -142015 662.44002
0.199 236.95806 -808.26136 141149.64 -123191 19123.6 -142315 663.89352
0.1995 234.23109 -571.86571 141264.38 -123223 18903.5 -142127 665.25969
0.2 233.16284 -730.26796 141340.44 -123331 18817.3 -142148 666.6945
0.2005 230.94908 -548.51055 141417.35 -123401 18638.6 -142039 668.25043
0.201 231.43808 -805.66572 141460.27 -123527 18678.1 -142205 669.46078
0.2015 234.97602 -230.09274 141444.02 -123450 18963.6 -142414 670.60933
0.202 231.972 -425.71808 141416.4 -123510 18721.2 -142232 672.1813
0.2025 232.22812 -920.65222 141326.83 -123542 18741.8 -142284 674.23391
0.203 233.0586 -493.44291 141213.55 -123460 18808.9 -142269 674.25642
0.2035 228.15228 -605.54757 141101.93 -123299 18412.9 -141712 674.98929
0.204 229.79927 -169.47447 141042.06 -123383 18545.8 -141929 676.56141
0.2045 233.58415 -360.37492 141000.69 -123407 18851.3 -142258 677.74368
0.205 232.80779 -125.98147 140971.75 -123399 18788.6 -142188 679.67162
0.2055 230.5084 -350.51868 140977.71 -123365 18603 -141968 681.48662
0.206 231.17236 -483.04907 141037.33 -123368 18656.6 -142025 681.20446
0.2065 233.45734 -20.972785 141117.91 -123442 18841 -142283 683.036
0.207 234.12392 -1222.1536 141209.61 -123393 18894.8 -142288 685.36367
0.2075 231.41088 -640.58548 141180.95 -123313 18675.9 -141989 686.48204
0.208 233.49557 -242.31755 141104.99 -123341 18844.1 -142185 687.45152
0.2085 234.25524 -326.75608 140997.69 -123266 18905.4 -142172 686.29767
0.209 234.47014 -698.7088 140961.17 -123251 18922.8 -142173 687.83742
0.2095 230.27958 -480.03625 140964.66 -123358 18584.6 -141942 689.33518
0.21 235.99086 -536.6647 140933.36 -123361 19045.5 -142406 690.69617
0.2105 232.39514 -510.81058 140919.78 -123401 18755.3 -142156 691.427
0.211 236.32421 -658.19677 140897.29 -123371 19072.4 -142444 692.98735
0.2115 233.2679 -321.43 140863.73 -123310 18825.8 -142135 695.22714
0.212 233.21651 -697.89195 140875.94 -123291 18821.6 -142113 697.83144
0.2125 231.30722 -423.39005 140902.94 -123293 18667.5 -141960 699.08707
0.213 234.80494 -632.25102 140972.78 -123232 18949.8 -142182 700.78686
0.2135 230.65653 -753.37512 141052.02 -123258 18615 -141873 702.62681
0.214 238.27997 -966.75886 141123.81 -123214 19230.2 -142445 705.05656
0.2145 233.96786 -642.82487 141186.42 -123107 18882.2 -141989 705.24026
0.215 229.4453 -995.09114 141167.26 -123124 18517.3 -141641 706.85446
0.2155 235.05808 -927.28477 140991.58 -123045 18970.2 -142015 707.56642
0.216 238.89191 -914.57366 140787.73 -122989 19279.6 -142269 708.93293
0.2165 237.75818 -455.87355 140551.77 -122935 19188.1 -142123 710.12029
0.217 233.78457 -469.43667 140384.66 -122923 18867.5 -141791 712.68229
0.2175 237.13359 -476.71636 140237.88 -122886 19137.7 -142024 713.47299
0.218 236.16472 -451.28263 140216.65 -122820 19059.5 -141880 714.50145
0.2185 240.55974 -547.63867 140249.58 -122932 19414.2 -142346 716.9447
0.219 233.86866 -86.075609 140369.67 -122888 18874.2 -141762 719.8548
0.2195 232.36837 -733.74931 140603.17 -123031 18753.2 -141784 721.09105
0.22 237.07951 -327.12307 140823.49 -122920 19133.4 -142054 723.04318
0.2205 233.90984 -536.78949 141031.05 -122875 18877.6 -141752 724.90899
0.221 236.77498 -506.95733 141205.63 -122812 19108.8 -141920 726.97256
0.2215 237.10896 -321.34307 141378.03 -122798 19135.7 -141933 729.69496
0.222 233.90861 -376.37149 141534.7 -122739 18877.5 -141616 732.89805
0.2225 234.99264 -137.72259 141715.64 -122671 18964.9 -141636 735.83653
0.223 237.80643 -1034.4004 141889.69 -122488 19192 -141680 738.44457
0.2235 233.58154 -947.99182 142000.94 -122536 18851.1 -141387 739.32075
0.224 232.16874 -1475.843 142022.66 -122573 18737 -141310 741.02087
0.2245 237.01943 -662.45777 141933.08 -122562 19128.5 -141690 742.69332
0.225 235.61082 -847.85017 141874.21 -122507 19014.8 -141522 744.66058
0.2255 236.94974 -354.7905 141845.62 -122594 19122.9 -141717 746.37011
0.226 232.83439 -378.38701 141843.2 -122516 18790.8 -141307 747.35478
0.2265 237.52296 -340.55834 141768.99 -122561 19169.2 -141730 748.04871
0.227 237.58106 -737.49613 141651.82 -122668 19173.8 -141842 749.38605
0.2275 236.70119 -831.82429 141500.4 -122708 19102.8 -141810 751.95999
0.228 234.53364 -614.32102 141300.09 -122773 18927.9 -141701 754.05632
0.2285 240.51155 -657.34334 141156.77 -122756 19410.3 -142166 755.40105
0.229 234.07569 -434.28869 141083.86 -122825 18890.9 -141716 756.28967
0.2295 239.08524 -349.50528 141071.84 -122888 19295.2 -142183 758.00472
0.23 230.88493 -594.58352 141058.53 -122824 18633.4 -141457 760.14275
0.2305 236.1309 -666.06254 141070.45 -122678 19056.8 -141735 762.55885
0.231 235.71899 -763.05375 141083.51 -122688 19023.6 -141712 765.63494
0.2315 239.39794 -712.0549 141047.97 -122674 19320.5 -141995 768.26292
0.232 233.99033 -344.84675 140992.04 -122665 18884.1 -141550 769.36523
0.2325 236.77722 -780.89568 140974.48 -122727 19109 -141836 771.90875
0.233 234.00171 -491.44999 140961.55 -122736 18885 -141621 772.97291
0.2335 238.10403 -653.17725 140955.23 -122809 19216.1 -142025 774.70116
0.234 235.23338 -223.5568 140987.95 -122760 18984.4 -141744 777.38764
0.2345 236.20687 -272.53391 141115.85 -122884 19062.9 -141947 778.59268
0.235 233.06062 -826.93828 141299.07 -122938 18809 -141747 780.98268
0.2355 232.77434 -285.72181 141456.47 -122869 18785.9 -141655 782.81627
0.236 231.61283 -861.5154 141606.85 -122793 18692.2 -141486 785.25308
0.2365 236.87757 -671.16563 141663.74 -122633 19117.1 -141750 786.94691
0.237 237.83836 -380.70465 141658.51 -122624 19194.6 -141819 787.83419
0.2375 235.07588 -240.28277 141623.96 -122561 18971.7 -141533 789.24227
0.238 237.32738 -969.92373 141534.57 -122479 19153.4 -141632 791.0348
0.2385 238.7048 -712.83902 141395.53 -122560 19264.5 -141825 792.34652
0.239 234.92623 -640.37523 141283.47 -122639 18959.6 -141599 793.46707
0.2395 237.46507 -1017.028 141235.95 -122740 19164.5 -141905 795.08217
0.24 232.9675 -574.76075 141162.91 -122748 18801.5 -141550 795.87071
0.2405 235.79861 -494.00896 141057.47 -122675 19030 -141705 798.24394
0.241 239.68538 -445.51831 141041.84 -122598 19343.7 -141941 800.75784
0.2415 236.77296 -304.7618 141100.73 -122669 19108.6 -141777 803.77342
0.242 236.39373 -892.88933 141155.44 -122664 19078 -141742 805.14138
0.2425 238.24824 -751.1487 141150.29 -122646 19227.7 -141873 806.34884
0.243 235.88374 -475.74946 141172.18 -122745 19036.9 -141782 806.93617
0.2435 237.18426 -1132.138 141255.86 -122721 19141.8 -141863 808.77801
0.244 233.38988 -912.52452 141305.59 -122794 18835.6 -141629 810.22505
0.2445 239.48607 -721.97418 141297.58 -122834 19327.6 -142161 813.0201
0.245 240.20366 -741.85807 141251.47 -122826 19385.5 -142212 814.33178
0.2455 237.6661 -557.15517 141165.37 -122861 19180.7 -142042 816.03806
0.246 234.41001 -738.8596 141158.55 -122751 18917.9 -141669 818.54271
0.2465 236.79197 53.414924 141117.27 -122680 19110.2 -141790 819.22229
0.247 238.01851 -257.24864 141160.82 -122553 19209.1 -141762 820.8472
0.2475 235.36048 -453.51061 141183.34 -122409 18994.6 -141403 823.79897
0.248 239.61395 -933.798 141159.45 -122379 19337.9 -141717 825.8894
0.2485 240.58718 -605.71005 141099.9 -122257 19416.5 -141673 827.53223
0.249 241.2641 -726.42912 140993.62 -122360 19471.1 -141831 829.34843
0.2495 234.30298 -571.35509 140918.2 -122338 18909.3 -141247 831.06038
0.25 238.06857 -870.78601 140893.86 -122510 19213.2 -141723 833.56695
0.2505 232.66406 -394.58215 140880.65 -122510 18777 -141287 836.00411
0.251 238.56647 -632.72051 140868.7 -122495 19253.4 -141748 837.81471
0.2515 235.89496 -456.93745 140889.98 -122573 19037.8 -141611 840.74757
0.252 240.87681 -1001.4286 140942.37 -122766 19439.8 -142205 843.1682
0.2525 234.50454 -585.45283 140973.08 -122831 18925.6 -141757 843.46898
0.253 236.60815 -1041.8537 141002.92 -122964 19095.3 -142059 844.25479
0.2535 236.03962 -762.12861 141004.95 -123084 19049.4 -142134 846.43127
0.254 233.15721 -801.89343 140976.51 -123039 18816.8 -141856 848.24242
0.2545 235.92032 -728.99093 140932.42 -123016 19039.8 -142056 849.81336
0.255 234.78757 -343.41727 140970.07 -122903 18948.4 -141851 852.57225
0.2555 234.06521 -782.23308 141086.07 -123018 18890.1 -141908 855.0588
0.256 232.0567 -838.10355 141239.82 -123159 18728 -141887 857.84274
0.2565 232.13002 -1058.4752 141363.95 -123106 18733.9 -141840 859.70211
0.257 235.08736 -697.38458 141388.78 -122995 18972.6 -141968 861.44522
0.2575 232.41293 -473.00602 141342.7 -122906 18756.8 -141662 861.04107
0.258 234.38458 -396.01234 141306.65 -122965 18915.9 -141881 861.60157
0.2585 236.23914 -336.3144 141281.97 -122807 19065.5 -141873 862.33266
0.259 234.85722 -589.67272 141228.3 -122889 18954 -141843 863.66528
0.2595 239.76686 -733.99751 141152.15 -122894 19350.2 -142244 864.75386
0.26 232.40634 -393.35521 141042.67 -122840 18756.2 -141596 865.5149
0.2605 234.16439 -292.74984 140938.94 -123214 18898.1 -142112 866.50264
0.261 232.94519 -360.15742 140782.43 -123262 18799.7 -142062 867.68504
0.2615 232.6816 -760.79567 140672.47 -123189 18778.4 -141967 868.54258
0.262 231.52327 -488.81403 140605.79 -123161 18685 -141846 870.09255
0.2625 232.40262 -521.77381 140542.03 -123320 18755.9 -142076 871.80241
0.263 236.28582 -667.74435 140474.68 -123341 19069.3 -142410 872.05445
0.2635 230.86546 -707.68297 140446.22 -123324 18631.9 -141956 872.77963
0.264 232.3062 -295.93316 140437.48 -123277 18748.1 -142025 875.12061
0.2645 236.90893 -829.99913 140435.47 -123254 19119.6 -142373 876.63603
0.265 233.04815 -515.6771 140478 -123327 18808 -142135 879.07096
0.2655 234.29221 -485.32732 140572.42 -123381 18908.4 -142289 881.0607
0.266 232.46714 -473.68139 140659.89 -123306 18761.1 -142067 882.41967
0.2665 237.96461 -752.93115 140687.3 -123263 19204.8 -142468 883.14327
0.267 234.77998 -649.10272 140658.95 -123164 18947.8 -142112 886.38721
0.2675 235.65109 -362.80825 140599.82 -123243 19018.1 -142261 887.23807
0.268 236.11072 -386.76037 140625 -123305 19055.2 -142360 887.54094
0.2685 236.40072 -451.3215 140700.15 -123231 19078.6 -142310 890.74513
0.269 237.00974 -978.99847 140742.59 -123200 19127.7 -142328 891.8883
0.2695 234.35448 -540.51651 140747.1 -123317 18913.4 -142230 892.98222
0.27 232.73377 -816.67419 140792.19 -123284 18782.6 -142067 895.09094
0.2705 231.00059 -443.44078 140780.28 -123309 18642.8 -141952 898.01649
0.271 230.47266 -653.7559 140820.69 -123271 18600.2 -141871 900.15397
0.2715 231.22738 -1116.6288 140849.14 -123310 18661.1 -141971 901.29746
0.272 237.89017 -460.85741 140883.06 -123170 19198.8 -142369 902.56742
0.2725 233.56137 -540.47327 140938.86 -123124 18849.4 -141974 902.96598
0.273 235.30054 -1167.0362 140932.56 -123205 18989.8 -142195 904.46581
0.2735 233.1258 -629.23317 140855.53 -123094 18814.3 -141908 905.90336
0.274 234.10492 -733.24786 140759.41 -123037 18893.3 -141931 907.34296
0.2745 233.13495 -695.17477 140655.61 -123099 18815 -141914 907.56877
0.275 235.65428 -916.76126 140551.89 -123039 19018.3 -142057 907.84762
0.2755 234.42868 -434.66715 140426.75 -123031 18919.4 -141950 908.39243
0.276 236.83824 -868.93421 140280.32 -123127 19113.9 -142241 908.87871
0.2765 235.02283 96.144271 140173.29 -123232 18967.4 -142200 909.97667
0.277 233.02927 -335.23906 140251.02 -123128 18806.5 -141934 910.91194
0.2775 235.88732 -483.17283 140441.51 -123138 19037.2 -142175 912.82835
0.278 236.22637 -766.22769 140740.96 -123061 19064.5 -142125 915.2329
0.2785 231.21157 -589.23415 141019.85 -123040 18659.8 -141699 917.11767
0.279 233.07841 -825.33448 141187.93 -123089 18810.5 -141899 916.69496
0.2795 233.15769 -875.19409 141287.67 -123031 18816.9 -141848 918.85712
0.28 234.80617 -971.52374 141325.64 -123051 18949.9 -142001 922.22291
0.2805 234.22448 -903.74384 141339.4 -123107 18903 -142010 923.36442
0.281 232.43614 -826.56215 141342.08 -123094 18758.6 -141852 924.76308
0.2815 233.58058 -528.14784 141281.67 -123098 18851 -141949 926.64254
0.282 232.17424 -512.94141 141159.35 -123102 18737.5 -141840 927.98468
0.2825 232.28592 -777.29716 141011.69 -123249 18746.5 -141996 928.52935
0.283 234.40065 -256.53914 140845.75 -123182 18917.2 -142099 929.71378
0.2835 233.47716 -341.35319 140730.89 -123202 18842.6 -142044 929.65738
0.284 234.33742 -475.60161 140655.76 -123110 18912.1 -142022 931.20977
0.2845 236.31539 -639.30896 140653.91 -123051 19071.7 -142123 932.48484
0.285 235.57248 -353.16917 140604.39 -123208 19011.7 -142219 934.14415
0.2855 231.89449 -323.30173 140528.21 -123205 18714.9 -141920 935.33757
0.286 231.90393 -912.3675 140467.08 -123175 18715.7 -141890 936.47818
0.2865 236.04342 -1121.6958 140408.7 -123254 19049.8 -142304 936.49848
0.287 236.63639 -366.444 140352.18 -123291 19097.6 -142388 936.81493
0.2875 232.03877 -205.23389 140336.28 -123357 18726.6 -142084 938.74369
0.288 231.20021 -412.81423 140442.32 -123275 18658.9 -141934 939.71782
0.2885 230.83403 -529.66705 140591.4 -123356 18629.3 -141985 941.11083
0.289 233.79219 -475.20357 140784.57 -123437 18868.1 -142305 943.95069
0.2895 235.71392 -359.93142 140993.85 -123409 19023.2 -142432 946.30559
0.29 230.46781 -488.48371 141260.97 -123454 18599.8 -142054 947.70651
0.2905 232.17512 -809.31118 141520.41 -123504 18737.6 -142242 948.42817
0.291 233.67198 -1062.9212 141670.08 -123524 18858.4 -142382 948.70279
0.2915 234.21066 -1028.9251 141707.94 -123500 18901.8 -142402 950.79579
0.292 229.44331 -557.24434 141693.75 -123561 18517.1 -142078 952.49681
0.2925 229.06801 -843.21014 141568.36 -123689 18486.8 -142176 954.68255
0.293 234.46062 -512.55394 141308.48 -123646 18922 -142568 954.23158
0.2935 230.01231 -368.25775 141029.38 -123562 18563 -142125 954.78709
0.294 232.23436 2.8519227 140799.11 -123563 18742.3 -142306 955.60981
0.2945 233.10216 -836.3274 140636.12 -123504 18812.4 -142317 958.08576
0.295 234.66846 -397.4956 140456.63 -123447 18938.8 -142386 959.43566
0.2955 235.67428 -456.68049 140339.1 -123410 19020 -142429 960.74716
0.296 235.47256 -572.23936 140275.75 -123391 19003.7 -142395 962.23888
0.2965 233.98578 -366.64987 140288.3 -123308 18883.7 -142192 964.77453
0.297 234.4402 -759.77936 140362.49 -123242 18920.4 -142162 965.53625
0.2975 229.44986 -652.60586 140397.25 -123088 18517.6 -141606 966.77968
0.298 237.36903 -618.8855 140390.85 -123000 19156.7 -142157 969.34537
0.2985 235.98691 -861.89833 140441.78 -122972 19045.2 -142017 970.87849
0.299 235.00174 -283.4855 140521.35 -122975 18965.7 -141941 972.76717
0.2995 238.41214 -878.7292 140621.63 -122935 19240.9 -142176 975.13362
0.3 235.16738 14.550119 140730.02 -122953 18979 -141932 978.66986
0.3005 234.23594 -998.15388 141019.58 -122896 18903.9 -141800 980.40491
0.301 235.4497 -658.56792 141310.89 -122933 19001.8 -141935 982.90742
0.3015 230.99145 -969.5535 141523.88 -122857 18642 -141499 986.64979
0.302 234.5909 -929.50571 141636.59 -122982 18932.5 -141914 989.47128
0.3025 230.76141 -669.22908 141766.19 -123126 18623.5 -141750 991.26085
0.303 230.48189 -684.68762 141868.04 -123117 18600.9 -141718 993.03462
0.3035 229.64805 -810.07513 141928.08 -123122 18533.6 -141656 994.24723
0.304 230.49849 -802.87897 141861.74 -123297 18602.2 -141899 994.95063
0.3045 230.17759 -968.45951 141722.81 -123217 18576.4 -141793 995.97316
0.305 230.54168 -443.91143 141537.28 -123229 18605.7 -141835 998.61505
0.3055 237.85254 -1218.2362 141404.12 -123050 19195.8 -142246 1000.1575
0.306 238.90559 -804.73555 141197.39 -122928 19280.7 -142209 1001.0643
0.3065 235.26121 -478.58367 141023.58 -122901 18986.6 -141888 1001.7419
0.307 239.41738 -459.25998 140826.33 -122852 19322 -142174 1001.5288
0.3075 237.90968 -161.25389 140608.81 -122794 19200.4 -141995 1004.2106
0.308 237.56044 -435.69497 140490.61 -122871 19172.2 -142043 1005.9054
0.3085 238.2597 -283.97276 140399.26 -122697 19228.6 -141925 1006.8765
0.309 241.09638 -779.14822 140385.36 -122831 19457.5 -142288 1007.9637
0.3095 236.19815 -423.31384 140432.67 -122899 19062.2 -141961 1008.7532
0.31 233.71519 -308.16449 140516.37 -122858 18861.9 -141720 1010.457
0.3105 235.90222 -626.97998 140607.11 -122875 19038.4 -141913 1012.5213
0.311 235.15181 -890.33706 140676.58 -122806 18977.8 -141784 1013.5402
0.3115 237.88106 -561.55594 140763.05 -122859 19198.1 -142057 1015.7924
0.312 236.13163 -697.33757 140848.94 -122887 19056.9 -141944 1017.9823
0.3125 235.45085 -777.53278 140898.17 -122794 19001.9 -141796 1018.9845
0.313 237.59493 -516.5626 140939.12 -122915 19175 -142090 1019.8106
0.3135 234.03768 -300.49931 141001.39 -122821 18887.9 -141709 1021.2689
0.314 234.5639 -576.38341 141103.89 -122879 18930.3 -141809 1023.0646
0.3145 234.05689 -433.31735 141189.74 -122971 18889.4 -141861 1024.916
0.315 231.00371 -948.18685 141283.31 -123037 18643 -141680 1026.2805
0.3155 235.92015 -621.8709 141257.72 -123181 19039.8 -142221 1027.3912
0.316 233.98659 -1080.3544 141192.02 -123050 18883.8 -141934 1028.5019
0.3165 234.91062 -464.19409 141051.62 -122916 18958.3 -141874 1029.9566
0.317 237.41242 -633.87367 140924.24 -122744 19160.2 -141904 1031.1808
0.3175 236.79084 -957.41569 140772.71 -122865 19110.1 -141975 1032.1741
0.318 232.57105 -600.34413 140636.43 -122891 18769.5 -141660 1034.3048
0.3185 235.49778 -1181.4087 140502.2 -122888 19005.7 -141893 1036.173
0.319 238.42361 -474.39396 140356.89 -122857 19241.8 -142099 1036.4805
0.3195 242.04829 -624.05619 140288.36 -122753 19534.4 -142287 1037.7832
0.32 239.34983 -679.59748 140300.4 -122877 19316.6 -142193 1039.8503
0.3205 235.02387 -412.73984 140369.7 -122884 18967.5 -141852 1041.3381
0.321 233.81175 -828.66121 140451.88 -122970 18869.6 -141840 1044.1726
0.3215 230.97921 -1049.4547 140490.41 -123036 18641 -141677 1045.7303
0.322 234.63277 -737.23311 140553.93 -122890 18935.9 -141826 1047.0894
0.3225 234.19104 -426.41428 140650.44 -122834 18900.3 -141735 1049.5985
0.323 238.38827 -812.79714 140787.11 -122937 19239 -142176 1050.0771
0.3235 236.72464 -905.29365 140903.02 -123029 19104.7 -142134 1051.4973
0.324 237.90937 -571.52251 140964.87 -122985 19200.3 -142185 1053.3206
0.3245 235.9951 -997.86688 140990.31 -122897 19045.9 -141943 1054.2457
0.325 234.21441 -436.49175 140996.34 -122803 18902.1 -141705 1055.7121
0.3255 231.83697 -601.78516 141040.07 -122824 18710.3 -141535 1058.3872
0.326 234.47474 -890.04524 141091.77 -122931 18923.2 -141854 1059.802
0.3265 237.51016 -429.63191 141097.63 -122856 19168.1 -142024 1059.7122
0.327 239.11184 -595.70729 141171.04 -122862 19297.4 -142159 1061.3078
0.3275 236.92953 -1223.7949 141255.06 -122882 19121.3 -142003 1063.4472
0.328 238.20621 -660.96606 141309.82 -122820 19224.3 -142045 1065.5361
0.3285 236.76196 -846.35753 141387.69 -122793 19107.7 -141900 1065.9182
0.329 234.81447 -965.34526 141480.65 -122742 18950.6 -141693 1068.1225
0.3295 237.36542 -648.53174 141410.64 -122702 19156.4 -141859 1068.5515
0.33 233.81558 -820.06206 141272.23 -122731 18870 -141601 1068.6621
0.3305 238.6599 -1048.4643 141062.56 -122829 19260.9 -142090 1068.7017
0.331 239.14583 -805.40117 140856.02 -122832 19300.1 -142132 1070.5046
0.3315 240.6239 -614.95036 140670.16 -122711 19419.4 -142130 1071.9161
0.332 235.50891 -482.28507 140540.02 -122838 19006.6 -141844 1072.7187
0.3325 239.5055 -417.00252 140440.22 -122661 19329.2 -141990 1075.0634
0.333 238.74083 -229.53563 140377.22 -122706 19267.4 -141973 1076.3712
0.3335 236.51973 -438.84363 140391.1 -122699 19088.2 -141787 1076.9679
0.334 240.02569 -868.91304 140518.23 -122647 19371.1 -142019 1078.1499
0.3345 240.45799 -458.13818 140660.68 -122480 19406 -141887 1081.945
0.335 235.91778 -773.787 140792.07 -122284 19039.6 -141323 1084.2429
0.3355 235.78524 -637.03274 140909.56 -122211 19028.9 -141240 1087.8037
0.336 240.25428 -927.07859 140998.66 -122229 19389.6 -141618 1089.4048
0.3365 240.91481 -541.12104 141057.41 -122291 19442.9 -141734 1090.8171
0.337 235.06856 -269.76168 141173.05 -122350 18971.1 -141321 1092.6352
0.3375 240.32823 -814.14922 141327.03 -122416 19395.6 -141812 1096.8618
0.338 237.23398 -366.75266 141446.83 -122529 19145.8 -141675 1099.0033
0.3385 237.60345 -714.1188 141593.93 -122636 19175.7 -141812 1101.4725
0.339 235.41934 -808.50489 141714.08 -122618 18999.4 -141617 1104.4876
0.3395 238.11556 -870.17839 141804.32 -122583 19217 -141800 1105.7054
0.34 236.67922 -315.44768 141823.37 -122592 19101.1 -141693 1107.4083
0.3405 236.88377 122.17004 141838.38 -122742 19117.6 -141859 1109.0268
0.341 233.07784 -566.95665 141931.87 -122659 18810.4 -141469 1110.6332
0.3415 238.73766 -605.83105 141979.89 -122704 19267.2 -141971 1111.7746
0.342 235.75347 -1061.4274 141948.1 -122857 19026.4 -141884 1114.7003
0.3425 233.81447 -979.7641 141825.52 -123000 18869.9 -141870 1117.1797
0.343 232.44074 -914.36292 141641.57 -123021 18759 -141780 1118.4377
0.3435 237.17425 -397.82577 141440 -123040 19141 -142181 1119.2046
0.344 236.69288 -1064.8992 141243.72 -123102 19102.2 -142204 1121.2278
0.3445 236.6456 -1216.243 141012.98 -123110 19098.3 -142208 1121.2984
0.345 240.17781 -715.62175 140726.79 -123093 19383.4 -142477 1119.512
0.3455 239.09446 -715.65131 140513.79 -122994 19296 -142290 1121.6821
0.346 234.56364 -203.1229 140323.81 -122984 18930.3 -141914 1123.7761
0.3465 236.43369 -1062.8994 140162.46 -122949 19081.2 -142031 1124.3344
0.347 237.18877 -651.06974 139991.91 -123112 19142.2 -142254 1125.1338
0.3475 240.31519 -406.43129 139901.15 -123218 19394.5 -142613 1126.3995
0.348 239.84589 -467.73175 139885.14 -123290 19356.6 -142646 1128.1378
0.3485 238.29064 -855.1025 139946.21 -123343 19231.1 -142574 1130.6699
0.349 237.19101 -409.53762 140128.32 -123286 19142.4 -142428 1132.0837
0.3495 229.73195 -529.56118 140398.77 -123397 18540.4 -141938 1135.319
0.35 237.4295 -654.01943 140691.41 -123341 19161.6 -142503 1137.0889
0.3505 231.95957 -812.83325 141018.28 -123362 18720.2 -142082 1139.628
0.351 232.77001 -555.55449 141351.12 -123394 18785.6 -142180 1142.5066
0.3515 235.47926 -437.41689 141669.13 -123354 19004.2 -142358 1146.4964
0.352 231.36384 -835.02328 141859.2 -123370 18672.1 -142042 1148.7383
0.3525 231.66981 -536.75492 141918.66 -123262 18696.8 -141959 1151.8589
0.353 234.49869 -620.38114 141887.4 -123089 18925.1 -142014 1152.2877
0.3535 234.05533 -524.58823 141784.34 -123061 18889.3 -141950 1152.47
0.354 233.64458 -694.34877 141687.09 -122959 18856.2 -141815 1153.8373
0.3545 233.23345 -407.4457 141555.2 -123160 18823 -141983 1153.7279
0.355 234.93556 -603.26385 141443.24 -123135 18960.3 -142095 1154.4881
0.3555 232.85731 -511.39727 141340.69 -123081 18792.6 -141873 1157.0535
0.356 240.7198 -803.71846 141299.11 -123028 19427.2 -142455 1159.4475
0.3565 238.19611 -328.29405 141278.53 -123045 19223.5 -142269 1160.4615
0.357 235.3338 -341.53927 141240.7 -122988 18992.5 -141981 1162.0653
0.3575 233.09394 -416.047 141190.78 -122897 18811.7 -141709 1164.4264
0.358 233.60753 -766.78489 141065.05 -122994 18853.2 -141847 1165.6753
0.3585 232.86429 -964.61515 140874.33 -122949 18793.2 -141742 1166.438
0.359 237.5136 -921.44619 140678.36 -122914 19168.4 -142083 1165.8916
0.3595 237.93172 -251.49409 140552.02 -122939 19202.1 -142141 1167.8852
0.36 237.47846 -446.91024 140522.74 -123029 19165.6 -142194 1169.9615
0.3605 239.8358 -418.39002 140531.03 -123074 19355.8 -142430 1170.9501
0.361 237.90476 -652.25844 140569.52 -122996 19200 -142196 1173.1234
0.3615 235.32975 -121.44215 140615.45 -123119 18992.2 -142111 1174.6201
0.362 232.34793 -329.54268 140734.15 -123086 18751.5 -141837 1175.5981
0.3625 236.74621 -681.84854 140853.67 -123085 19106.5 -142192 1176.7391
0.363 234.60954 -884.62283 140939.96 -123216 18934 -142150 1177.8365
0.3635 235.75496 -486.8901 140928.66 -123307 19026.5 -142334 1179.2711
0.364 237.26179 -413.49969 140926.65 -123231 19148.1 -142379 1182.1505
0.3645 233.93235 -471.12898 140882.38 -122971 18879.4 -141850 1184.5541
0.365 233.27248 -585.41431 140818.91 -122910 18826.1 -141736 1185.7076
0.3655 237.71693 -925.69035 140758.31 -122957 19184.8 -142141 1186.5459
0.366 236.18864 -809.16058 140656.27 -123148 19061.5 -142209 1185.703
0.3665 237.42345 -421.52808 140542.51 -123187 19161.1 -142348 1186.9775
0.367 233.79488 -345.01274 140413.87 -123332 18868.3 -142200 1188.1072
0.3675 236.66128 -508.94287 140284.04 -123263 19099.6 -142363 1191.122
0.368 236.66325 -609.66306 140169.27 -123208 19099.8 -142308 1192.9449
0.3685 236.15266 -336.09895 140119.06 -123198 19058.6 -142257 1193.5849
0.369 238.1924 -563.02536 140159.07 -123181 19223.2 -142405 1194.1117
0.3695 233.04491 -559.16349 140255.37 -123243 18807.8 -142051 1196.0735
0.37 233.33391 -943.71124 140376.66 -123288 18831.1 -142119 1198.2376
0.3705 237.20923 -207.15028 140494.27 -123182 19143.8 -142326 1201.0264
0.371 237.43362 -543.01205 140665.46 -123078 19161.9 -142240 1202.2937
0.3715 235.8763 -784.70683 140876.35 -123001 19036.3 -142038 1203.1909
0.372 232.61509 -698.45893 141067.55 -123041 18773.1 -141814 1205.8864
0.3725 232.94712 -840.56676 141231.92 -123137 18799.9 -141937 1208.2053
0.373 236.20956 -771.26254 141306.6 -123164 19063.2 -142227 1210.0211
0.3735 236.37278 -1331.6967 141327.81 -123080 19076.3 -142156 1211.6034
0.374 236.91395 -896.89993 141278.51 -122938 19120 -142058 1214.1363
0.3745 234.49446 -774.71377 141157.46 -122909 18924.7 -141833 1215.049
0.375 239.15079 -791.90933 141028.6 -122931 19300.5 -142232 1216.6448
0.3755 233.83074 -370.89485 140929.33 -123092 18871.2 -141963 1216.7847
0.376 234.25758 -1120.5884 140926.59 -123183 18905.6 -142088 1216.9132
0.3765 236.43037 -552.28241 140883.34 -123122 19081 -142203 1219.1479
0.377 236.20825 -506.74052 140816.1 -123187 19063.1 -142250 1221.7221
0.3775 235.02635 -845.76245 140712.7 -123114 18967.7 -142081 1222.6687
0.378 234.28662 -730.35281 140673.48 -122942 18908 -141850 1224.3656
0.3785 235.917 -768.88205 140760.31 -123032 19039.5 -142072 1225.5585
0.379 234.82182 -585.40954 140888.4 -123160 18951.2 -142112 1226.4555
0.3795 235.15877 -979.6314 140959.19 -123254 18978.4 -142232 1227.6403
0.38 231.9684 -724.19891 141038.83 -123292 18720.9 -142013 1230.6175
0.3805 237.27386 -1233.2504 141100.4 -123289 19149.1 -142438 1232.1895
0.381 233.67299 -898.06614 141122.47 -123364 18858.4 -142222 1233.9184
0.3815 230.92245 -763.48149 141085.11 -123286 18636.5 -141922 1235.2754
0.382 233.17684 -541.27933 140987.58 -123277 18818.4 -142096 1237.9534
0.3825 231.94599 -771.11612 140866.63 -123313 18719.1 -142032 1238.6772
0.383 232.4978 -795.98128 140710.19 -123273 18763.6 -142037 1240.9245
0.3835 234.97486 -259.77427 140558.21 -123122 18963.5 -142086 1241.3936
0.384 233.15724 -420.33349 140438.91 -123061 18816.8 -141878 1241.1807
0.3845 232.80581 -622.66952 140439.75 -123018 18788.5 -141807 1242.9176
0.385 234.91187 -557.46192 140507.06 -123048 18958.4 -142006 1244.0577
0.3855 233.54747 -491.43192 140649.25 -123151 18848.3 -142000 1246.6372
0.386 229.80871 -868.28611 140783.03 -123089 18546.6 -141636 1249.923
0.3865 234.18577 -650.35761 140911.99 -123163 18899.8 -142063 1252.9737
0.387 231.8012 -850.01903 141023.99 -123088 18707.4 -141796 1254.4909
0.3875 235.31142 -770.87712 141130.29 -123181 18990.7 -142171 1255.0062
0.388 234.10629 -338.52603 141199.01 -123218 18893.4 -142111 1257.3943
0.3885 234.94262 -564.56485 141246.61 -123219 18960.9 -142180 1259.4384
0.389 231.24079 -640.88719 141258.61 -123373 18662.2 -142035 1261.0499
0.3895 237.70788 -916.50415 141177.42 -123381 19184.1 -142565 1261.2825
0.39 231.24069 -855.89263 141011.21 -123395 18662.1 -142057 1261.9356
0.3905 236.84141 -555.82545 140808.49 -123383 19114.2 -142498 1262.0965
0.391 234.37094 -159.42094 140680.41 -123421 18914.8 -142336 1262.9336
0.3915 231.86415 -520.72831 140620.6 -123564 18712.5 -142276 1264.2083
0.392 233.42891 -1083.7957 140541.35 -123472 18838.7 -142310 1266.7919
0.3925 235.3424 -524.15001 140432.81 -123514 18993.2 -142508 1268.3591
0.393 233.48484 -903.55381 140346.51 -123340 18843.3 -142183 1269.777
0.3935 233.81294 -533.1728 140264.65 -123371 18869.7 -142241 1271.0004
0.394 233.31963 -362.68006 140143.34 -123485 18829.9 -142315 1272.1766
0.3945 235.82119 -741.47981 140029.99 -123599 19031.8 -142631 1272.9465
0.395 230.59374 -505.97571 139894.89 -123705 18609.9 -142315 1274.2613
0.3955 232.29765 -381.97806 139806.71 -123720 18747.4 -142467 1275.85
0.396 231.78379 -431.751 139750.65 -123885 18706 -142591 1278.5994
0.3965 234.16456 -620.60171 139686.3 -123777 18898.1 -142676 1281.5325
0.397 232.22636 -340.56805 139623.08 -123837 18741.7 -142579 1282.6697
0.3975 235.33642 -553.55622 139580.98 -123727 18992.7 -142720 1285.1007
0.398 231.95607 -513.35286 139539 -123700 18719.9 -142419 1285.7839
0.3985 234.44984 -505.51954 139530.17 -123821 18921.1 -142742 1286.8285
0.399 236.76392 -425.59552 139546.2 -123854 19107.9 -142962 1289.2377
0.3995 236.36771 -413.65484 139654.38 -123860 19075.9 -142936 1290.2732
0.4 230.03844 -521.92552 139805.79 -123894 18565.1 -142459 1292.1984
0.4005 232.05147 -673.21209 139962.02 -123820 18727.6 -142547 1294.3255
0.401 233.24225 -718.17409 140066.61 -123718 18823.7 -142542 1298.4525
0.4015 231.07571 -531.33814 140165.52 -123735 18648.8 -142384 1299.7385
0.402 231.48276 -547.77879 140280.57 -123709 18681.7 -142391 1301.5981
0.4025 230.65951 -801.07582 140347.71 -123616 18615.2 -142231 1303.1455
0.403 229.19302 -760.36637 140379.51 -123676 18496.9 -142173 1303.5932
0.4035 239.11395 -677.05994 140363.36 -123478 19297.6 -142776 1303.1967
0.404 236.15845 -746.67254 140338.84 -123687 19059 -142746 1304.0198
0.4045 236.64479 -669.76954 140367.14 -123632 19098.3 -142730 1305.6572
0.405 232.46358 -528.42631 140404.23 -123535 18760.8 -142296 1305.5743
0.4055 237.06498 -861.34329 140435.72 -123744 19132.2 -142877 1306.9006
0.406 232.82985 -947.78438 140468.77 -123803 18790.4 -142593 1308.7344
0.4065 235.96407 -542.30247 140479.38 -123557 19043.3 -142600 1309.573
0.407 227.43413 -894.16036 140484.94 -123681 18354.9 -142036 1311.5091
0.4075 228.83008 -1035.6744 140414.83 -123662 18467.6 -142129 1311.9451
0.408 232.95228 -757.541 140287.32 -123846 18800.3 -142646 1314.3243
0.4085 233.6988 -316.69395 140153.76 -123808 18860.5 -142668 1315.8422
0.409 229.63717 -690.05979 140065.47 -123717 18532.7 -142250 1317.6668
0.4095 233.23676 47.313948 140048.94 -123633 18823.2 -142456 1319.6367
0.41 235.71176 -826.37767 140144.38 -123614 19023 -142637 1320.7331
0.4105 233.12648 -650.10355 140269.85 -123656 18814.3 -142471 1322.0451
0.411 231.95904 -776.9805 140383.89 -123713 18720.1 -142434 1325.1959
0.4115 227.96747 -536.40908 140499.14 -123722 18398 -142120 1328.2604
0.412 228.73632 -1038.3972 140642.51 -123584 18460 -142044 1329.1801
0.4125 229.03345 -749.91942 140722.18 -123579 18484 -142063 1331.4372
0.413 231.93991 -408.90522 140756.75 -123457 18718.6 -142176 1333.0814
0.4135 232.18656 -707.12233 140750.07 -123664 18738.5 -142403 1334.2583
0.414 233.14833 -428.5468 140698.74 -123493 18816.1 -142309 1337.1637
0.4145 234.39714 -191.87815 140666.47 -123512 18916.9 -142429 1340.1746
0.415 235.16614 -938.52095 140669.63 -123496 18978.9 -142475 1341.2641
0.4155 233.2342 -259.18356 140530.76 -123468 18823 -142291 1340.6577
0.416 233.77167 -644.10842 140341.79 -123495 18866.4 -142362 1340.3494
0.4165 234.11151 -748.39662 140150.43 -123493 18893.8 -142387 1339.1664
0.417 237.95063 -666.98847 139995.98 -123509 19203.7 -142712 1341.887
0.4175 231.34817 -612.39425 139912.96 -123472 18670.8 -142143 1344.6073
0.418 232.34687 -518.76789 139916.81 -123613 18751.4 -142364 1345.8313
0.4185 238.44156 -418.22115 140007.58 -123499 19243.3 -142742 1348.4432
0.419 236.26284 -1296.6792 140172.74 -123384 19067.5 -142452 1351.3252
0.4195 229.89699 -335.71724 140241.41 -123338 18553.7 -141892 1353.7778
0.42 234.88217 -809.10124 140358.39 -123449 18956 -142405 1357.0852
0.4205 235.17575 -476.10228 140503.73 -123356 18979.7 -142335 1358.7817
0.421 232.29879 -683.55833 140673.56 -123443 18747.5 -142190 1360.7934
0.4215 233.22727 -667.30399 140784.63 -123542 18822.5 -142364 1362.5601
0.422 235.53328 -582.26139 140886.35 -123466 19008.6 -142475 1363.7436
0.4225 234.83173 -631.11751 141009.23 -123580 18952 -142532 1366.5903
0.423 232.36592 -558.25554 141176.83 -123775 18753 -142528 1369.4177
0.4235 232.48009 -374.99886 141366.57 -123758 18762.2 -142520 1369.9109
0.424 229.00123 -1013.1043 141474.85 -123885 18481.4 -142366 1372.8959
0.4245 229.12952 -947.79733 141421.71 -123837 18491.8 -142328 1375.2575
0.425 230.42038 -724.6245 141309.78 -123765 18595.9 -142361 1375.9266
0.4255 230.52781 -311.28824 141145.09 -123819 18604.6 -142424 1376.839
0.426 231.81757 -513.53993 140966.88 -123903 18708.7 -142612 1378.0569
0.4265 231.32688 -680.08614 140778.57 -123848 18669.1 -142517 1379.7701
0.427 233.63922 -785.13977 140592.54 -123953 18855.7 -142808 1380.4992
0.4275 229.16638 -545.12447 140465.34 -123878 18494.7 -142373 1381.3613
0.428 231.65879 -520.86885 140332.98 -123838 18695.9 -142534 1383.0637
0.4285 228.44895 -827.66616 140233.97 -123787 18436.8 -142224 1384.9792
0.429 232.88213 -355.75106 140161.74 -123742 18794.6 -142536 1385.9743
0.4295 229.74194 -575.02238 140153.61 -123609 18541.2 -142151 1386.6158
0.43 242.19718 -683.31686 140193.29 -123660 19546.4 -143206 1387.2176
0.4305 236.17063 -1184.4854 140242.46 -123648 19060 -142708 1388.905
0.431 229.35958 -302.98824 140231.35 -123757 18510.3 -142267 1390.5113
0.4315 233.85865 -542.39051 140241.42 -123665 18873.4 -142539 1394.2724
0.432 235.06087 -939.25451 140277.04 -123715 18970.5 -142686 1396.0438
0.4325 231.16187 -639.89542 140276.64 -123715 18655.8 -142370 1396.4552
0.433 231.76144 -696.33068 140291.54 -123649 18704.2 -142353 1397.2741
0.4335 232.62879 -611.9617 140325.59 -123743 18774.2 -142517 1398.2241
0.434 232.43754 -866.95445 140352.54 -123718 18758.7 -142477 1401.1705
0.4345 232.73233 -595.14242 140322.31 -123714 18782.5 -142496 1400.4828
0.435 228.82671 -643.77168 140289.79 -123584 18467.3 -142052 1403.8994
0.4355 232.18026 -463.70304 140279.75 -123533 18738 -142271 1405.9782
0.436 234.34197 -744.45836 140271.38 -123609 18912.4 -142522 1407.192
0.4365 233.94746 -376.73972 140263.73 -123459 18880.6 -142339 1408.6773
0.437 237.11043 -771.95177 140317.73 -123277 19135.9 -142413 1408.1022
0.4375 233.31521 -522.52026 140346.07 -123288 18829.6 -142118 1409.4812
0.438 230.52121 -699.24415 140383.85 -123409 18604.1 -142013 1410.3136
0.4385 231.17231 -715.47985 140404.28 -123302 18656.6 -141959 1411.9936
0.439 238.15745 -371.48041 140431.19 -123383 19220.4 -142603 1412.8828
0.4395 233.67176 -644.45122 140508.51 -123545 18858.3 -142403 1414.3402
0.44 230.41324 -612.3123 140575.35 -123605 18595.4 -142200 1414.7575
0.4405 232.8828 -823.74194 140658.88 -123574 18794.7 -142368 1416.1921
0.441 235.35578 -870.62513 140704.04 -123560 18994.3 -142554 1418.9559
0.4415 234.09905 -878.40359 140724.07 -123583 18892.8 -142476 1420.0175
0.442 231.7401 -583.91491 140727.81 -123745 18702.5 -142448 1421.6947
0.4425 230.52594 -520.83583 140729.16 -123675 18604.5 -142280 1423.3848
0.443 230.86166 -418.07511 140713 -123556 18631.6 -142188 1424.8668
0.4435 235.80696 -846.06533 140743.52 -123460 19030.7 -142491 1425.323
0.444 234.53646 -404.77439 140805.62 -123542 18928.1 -142470 1426.7172
0.4445 232.60433 -646.18571 140933.47 -123396 18772.2 -142168 1430.8169
0.445 231.86723 -308.97915 141084.7 -123368 18712.7 -142081 1431.4174
0.4455 235.24946 -903.8111 141285.46 -123217 18985.7 -142203 1433.5547
0.446 228.97947 -695.91129 141479.46 -123226 18479.7 -141706 1435.0554
0.4465 233.56342 -575.4113 141657.4 -123153 18849.6 -142002 1436.6726
0.447 232.19596 -465.73576 141845.47 -123235 18739.2 -141974 1439.6676
0.4475 234.91901 -865.79883 142005.37 -123068 18959 -142027 1442.3186
0.448 233.92384 -796.20045 142048.96 -123013 18878.7 -141892 1444.5089
0.4485 235.79663 -582.70924 142017.22 -122933 19029.8 -141963 1447.3997
0.449 234.0437 -624.41816 141950.82 -122910 18888.4 -141798 1448.0475
0.4495 234.26121 -514.76179 141832.96 -122941 18905.9 -141847 1450.7532
0.45 233.61956 -850.21728 141665.19 -123226 18854.1 -142080 1451.8505
0.4505 233.71911 -852.15899 141400.84 -123246 18862.2 -142108 1452.0679
0.451 228.57288 -811.15842 141108.49 -123271 18446.8 -141718 1452.6982
0.4515 234.12072 -119.61153 140791.99 -123338 18894.6 -142232 1451.4021
0.452 237.71469 -1045.2185 140516.07 -123314 19184.6 -142498 1451.3223
0.4525 236.5757 -502.09824 140232.33 -123384 19092.7 -142476 1449.872
0.453 235.5083 -392.87114 139965.29 -123501 19006.6 -142507 1450.9722
0.4535 234.70043 -604.04034 139810.3 -123659 18941.4 -142601 1452.6658
0.454 235.77406 -331.7752 139750.2 -123650 19028 -142678 1452.7766
0.4545 232.87552 -602.69752 139758.31 -123540 18794.1 -142334 1454.4733
0.455 232.09407 -274.46296 139802.83 -123449 18731 -142180 1456.6253
0.4555 234.58656 -980.81785 139883.63 -123493 18932.2 -142425 1458.3825
0.456 228.53837 -35.784011 139898.86 -123622 18444.1 -142066 1460.7163
0.4565 232.18839 -45.170096 139964.28 -123659 18738.6 -142397 1465.4032
0.457 230.96165 -643.13314 140105.69 -123673 18639.6 -142313 1467.1503
0.4575 233.85248 -487.85407 140217.82 -123492 18872.9 -142365 1470.0396
0.458 233.04089 -127.95281 140358.44 -123422 18807.4 -142230 1473.09
0.4585 235.59882 -765.93663 140561.33 -123504 19013.9 -142517 1478.237
0.459 230.97582 -750.87467 140741.27 -123532 18640.8 -142173 1480.4795
0.4595 228.61784 -536.71916 140851.23 -123433 18450.5 -141883 1480.3509
0.46 234.71998 -647.77258 140943.17 -123442 18942.9 -142385 1482.1243
0.4605 231.17734 -551.28351 141087.21 -123458 18657 -142115 1484.5083
0.461 231.17754 -575.42309 141209.75 -123470 18657.1 -142127 1487.8006
0.4615 229.99838 -839.26602 141289.25 -123449 18561.9 -142011 1488.6832
0.462 231.38187 -349.7265 141335.35 -123629 18673.5 -142302 1491.4639
0.4625 228.40323 -677.15382 141338.63 -123540 18433.2 -141973 1492.7425
0.463 234.08766 -1052.2609 141305.02 -123522 18891.9 -142414 1492.6203
0.4635 232.22691 -905.8159 141198.78 -123482 18741.7 -142224 1493.5791
0.464 230.26595 -661.80007 141050.91 -123460 18583.5 -142044 1495.0744
0.4645 236.57965 -706.80561 140939.5 -123484 19093 -142578 1495.5493
0.465 232.0786 -526.29316 140875.11 -123612 18729.8 -142341 1496.706
0.4655 230.23462 -361.92428 140768.26 -123482 18581 -142063 1499.4491
0.466 234.07602 -757.99849 140671.53 -123434 18891 -142325 1500.3427
0.4665 237.43686 -271.70795 140579.62 -123410 19162.2 -142572 1502.2562
0.467 233.35614 -678.1935 140559.05 -123299 18832.9 -142132 1504.9397
0.4675 236.16892 -478.21262 140601.58 -123327 19059.9 -142387 1508.7487
0.468 237.09855 -915.12064 140719.91 -123306 19134.9 -142441 1509.5734
0.4685 233.71451 -561.2384 140784.84 -123312 18861.8 -142174 1510.9356
0.469 233.89573 -969.57834 140876.61 -123208 18876.4 -142085 1513.7081
0.4695 234.43241 -724.53487 140932.11 -123152 18919.7 -142072 1515.5689
0.47 232.73778 -519.73843 140993.13 -123074 18783 -141857 1516.5295
0.4705 236.1692 -260.3465 141047.27 -122939 19059.9 -141999 1517.1224
0.471 237.2228 -858.45458 141130.03 -123014 19144.9 -142159 1518.1129
0.4715 239.2374 -928.0031 141204.64 -123021 19307.5 -142329 1521.3428
0.472 239.50015 -349.95612 141229.59 -123026 19328.7 -142355 1522.271
0.4725 234.3481 -714.43187 141272.6 -122856 18912.9 -141769 1523.611
0.473 237.72131 -542.3688 141347.07 -122763 19185.2 -141948 1525.9936
0.4735 234.86613 -1090.0582 141458.76 -122686 18954.7 -141641 1526.1811
0.474 237.64893 -793.78661 141504.77 -122654 19179.3 -141833 1528.2109
0.4745 234.31759 -849.32957 141558.83 -122592 18910.5 -141502 1529.501
0.475 238.77965 -676.18984 141614.67 -122559 19270.6 -141830 1530.8918
0.4755 233.64702 -986.37155 141641.61 -122594 18856.3 -141450 1534.0167
0.476 232.732 -67.912602 141647.66 -122512 18782.5 -141295 1535.918
0.4765 235.71778 -812.43322 141736.38 -122446 19023.5 -141469 1537.2624
0.477 237.83391 -517.30823 141757.92 -122535 19194.3 -141729 1537.1473
0.4775 238.23548 -809.26032 141751.89 -122442 19226.7 -141668 1537.3769
0.478 239.70628 -760.91901 141684.72 -122364 19345.4 -141710 1537.8564
0.4785 236.80665 -779.33382 141593.94 -122247 19111.3 -141358 1537.2367
0.479 238.2175 -563.05611 141467.27 -122332 19225.2 -141558 1537.1519
0.4795 238.52785 -710.32523 141339.92 -122319 19250.3 -141569 1537.0198
0.48 239.28008 -1186.6748 141161.59 -122489 19311 -141800 1538.4068
0.4805 239.34693 -418.19837 140864.88 -122465 19316.4 -141781 1538.9337
0.481 234.56469 -312.01713 140623.74 -122443 18930.4 -141373 1540.4856
0.4815 237.10079 -629.86196 140471.5 -122591 19135.1 -141726 1541.1143
0.482 239.33925 -527.19875 140387.17 -122615 19315.7 -141931 1539.6853
0.4825 240.31908 -773.10381 140405.27 -122589 19394.8 -141984 1539.1939
0.483 240.87012 -386.87718 140493.06 -122481 19439.3 -141921 1539.7747
0.4835 240.32935 -760.10429 140625.39 -122531 19395.6 -141927 1541.6827
0.484 236.75736 -675.01679 140775.68 -122602 19107.4 -141710 1543.039
0.4845 236.97891 -878.88606 140859.79 -122735 19125.2 -141860 1544.3886
0.485 235.17308 -597.88026 140871.51 -122913 18979.5 -141893 1545.6335
0.4855 230.78958 -913.12902 140869.93 -122963 18625.7 -141589 1547.991
0.486 237.15244 -718.89065 140829.51 -122928 19139.3 -142067 1548.1877
0.4865 233.39398 -497.3744 140803.13 -122868 18835.9 -141704 1548.9199
0.487 236.13738 -459.36655 140791.17 -122786 19057.3 -141843 1550.0917
0.4875 233.09163 -360.0872 140809.81 -122607 18811.5 -141418 1550.9963
0.488 238.20412 -891.6924 140874.57 -122616 19224.1 -141840 1552.5957
0.4885 238.09257 -711.62221 140918.23 -122584 19215.1 -141799 1554.4745
0.489 233.46688 -724.62502 140958.88 -122631 18841.8 -141473 1556.2156
0.4895 237.55736 -478.988 141015.24 -122506 19171.9 -141678 1557.9966
0.49 236.06484 -378.68992 141081.22 -122491 19051.5 -141543 1559.1881
0.4905 232.44495 -663.27113 141189.25 -122582 18759.3 -141342 1559.8359
0.491 240.03716 -612.36569 141273.83 -122590 19372.1 -141962 1562.216
0.4915 239.75565 -864.63406 141351.63 -122643 19349.3 -141993 1564.3087
0.492 239.21899 -511.75946 141389.16 -122639 19306 -141945 1566.9608
0.4925 237.32508 -578.55495 141370.03 -122624 19153.2 -141777 1568.2747
0.493 238.92344 -782.99244 141310.54 -122602 19282.2 -141884 1571.3029
0.4935 236.71256 -784.85866 141197.15 -122676 19103.8 -141780 1571.5826
0.494 234.53678 -431.5862 140973.04 -122594 18928.2 -141522 1572.933
0.4945 236.4305 -707.50079 140711.27 -122667 19081 -141748 1573.2608
0.495 234.59065 -308.89828 140483.09 -122731 18932.5 -141664 1571.6771
0.4955 241.01214 -399.38123 140374.61 -122819 19450.7 -142270 1573.3058
0.496 235.81975 -153.81377 140347.05 -122777 19031.7 -141808 1576.2416
0.4965 234.58631 -308.65248 140439.35 -122692 18932.2 -141624 1577.6892
0.497 236.50326 -472.5495 140604.66 -122725 19086.9 -141812 1578.6736
0.4975 233.84906 -579.75771 140777.14 -122642 18872.7 -141514 1581.7193
0.498 239.7741 -692.81749 140968.17 -122893 19350.8 -142244 1583.5231
0.4985 239.3706 -605.22363 141188.55 -122786 19318.3 -142105 1585.4802
0.499 235.2618 -561.03153 141437.67 -122778 18986.7 -141765 1587.2383
0.4995 235.91644 -890.08324 141638.54 -122598 19039.5 -141637 1589.0564
