0.245	224.939	0.180679
0.74	224.815	0.176534
1.24	224.69	0.17911
1.74	224.565	0.179618
2.24	224.44	0.178627
2.74	224.315	0.178139
3.24	224.19	0.179004
3.74	224.065	0.18162
4.24	223.94	0.180327
4.74	223.815	0.180005
5.24	223.69	0.179195
5.74	223.565	0.182077
6.24	223.44	0.182072
6.74	223.315	0.184105
7.24	223.19	0.18171
7.74	223.065	0.181851
8.24	222.94	0.18426
8.74	222.815	0.182666
9.24	222.69	0.184522
9.74	222.565	0.187455
10.24	222.44	0.184276
10.74	222.315	0.185961
11.24	222.19	0.185473
11.74	222.065	0.184809
12.24	221.94	0.186585
12.74	221.815	0.183355
13.24	221.69	0.186076
13.74	221.565	0.185659
14.24	221.44	0.190493
14.74	221.315	0.190473
15.24	221.19	0.187274
15.74	221.065	0.187052
16.24	220.94	0.18832
16.74	220.815	0.18909
17.24	220.69	0.190589
17.74	220.565	0.192802
18.24	220.44	0.189748
18.74	220.315	0.194799
19.24	220.19	0.192822
19.74	220.065	0.193491
20.24	219.94	0.191816
20.74	219.815	0.193461
21.24	219.69	0.189004
21.74	219.565	0.193808
22.24	219.44	0.196424
22.74	219.315	0.192681
23.24	219.19	0.197022
23.74	219.065	0.194406
24.24	218.94	0.195971
24.74	218.815	0.194749
25.24	218.69	0.192032
25.74	218.565	0.196464
26.24	218.44	0.195966
26.74	218.315	0.194975
27.24	218.19	0.195553
27.74	218.065	0.2
28.24	217.94	0.197626
28.74	217.815	0.196921
29.24	217.69	0.199799
29.74	217.565	0.19759
30.24	217.44	0.195513
30.74	217.315	0.200689
31.24	217.19	0.203612
31.74	217.065	0.201333
32.24	216.94	0.20076
32.74	216.815	0.203365
33.24	216.69	0.201811
33.74	216.565	0.207435
34.24	216.44	0.207867
34.74	216.315	0.202802
35.24	216.19	0.207691
35.74	216.065	0.204638
36.24	215.94	0.205835
36.74	215.815	0.207641
37.24	215.69	0.209396
37.74	215.565	0.212193
38.24	215.44	0.20837
38.74	215.315	0.211137
39.24	215.19	0.204834
39.74	215.065	0.204054
40.24	214.94	0.20999
40.74	214.815	0.232294
41.24	214.69	0.578878
41.74	214.565	0.78921
42.24	214.44	0.79834
42.74	214.315	0.797933
43.24	214.19	0.796796
43.74	214.065	0.799593
44.24	213.94	0.800795
44.74	213.815	0.803572
45.24	213.69	0.813531
45.74	213.565	0.812037
46.24	213.44	0.812802
46.74	213.315	0.813506
47.24	213.19	0.813788
47.74	213.065	0.815599
48.24	212.94	0.81421
48.74	212.815	0.815498
49.24	212.69	0.814683
49.74	212.565	0.815604
50.24	212.44	0.814854
50.74	212.315	0.814497
51.24	212.19	0.815257
51.74	212.065	0.818013
52.24	211.94	0.816268
52.74	211.815	0.818365
53.24	211.69	0.817817
53.74	211.565	0.817238
54.24	211.44	0.818823
54.74	211.315	0.816222
55.24	211.19	0.816127
55.74	211.065	0.817349
56.24	210.94	0.818571
56.74	210.815	0.8191
57.24	210.69	0.820015
57.74	210.565	0.818088
58.24	210.44	0.81672
58.74	210.315	0.818556
59.24	210.19	0.820191
59.74	210.065	0.820397
