0.245	239.939	0.0894348
0.74	239.815	0.0901594
1.24	239.69	0.0896812
1.74	239.565	0.0889203
2.24	239.44	0.0907826
2.74	239.315	0.0912753
3.24	239.19	0.0876739
3.74	239.065	0.090616
4.24	238.94	0.0918768
4.74	238.815	0.0912826
5.24	238.69	0.0954638
5.74	238.565	0.0937536
6.24	238.44	0.0928985
6.74	238.315	0.0917754
7.24	238.19	0.0925362
7.74	238.065	0.0899783
8.24	237.94	0.0911811
8.74	237.815	0.0905507
9.24	237.69	0.0933768
9.74	237.565	0.0926666
10.24	237.44	0.0931087
10.74	237.315	0.0935434
11.24	237.19	0.0922754
11.74	237.065	0.0925724
12.24	236.94	0.0959058
12.74	236.815	0.0934276
13.24	236.69	0.0941667
13.74	236.565	0.0956884
14.24	236.44	0.0927029
14.74	236.315	0.0918044
15.24	236.19	0.0927319
15.74	236.065	0.0933261
16.24	235.94	0.0936232
16.74	235.815	0.0947101
17.24	235.69	0.0918406
17.74	235.565	0.0928696
18.24	235.44	0.091558
18.74	235.315	0.0938551
19.24	235.19	0.0939566
19.74	235.065	0.0923044
20.24	234.94	0.0962826
20.74	234.815	0.0937174
21.24	234.69	0.096558
21.74	234.565	0.0984203
22.24	234.44	0.0964275
22.74	234.315	0.0951015
23.24	234.19	0.0987101
23.74	234.065	0.0979203
24.24	233.94	0.0970869
24.74	233.815	0.0947029
25.24	233.69	0.0950217
25.74	233.565	0.0961957
26.24	233.44	0.0985073
26.74	233.315	0.100514
27.24	233.19	0.0960435
27.74	233.065	0.0965652
28.24	232.94	0.0992972
28.74	232.815	0.0983043
29.24	232.69	0.100507
29.74	232.565	0.101145
30.24	232.44	0.0994058
30.74	232.315	0.0977464
31.24	232.19	0.101768
31.74	232.065	0.0993768
32.24	231.94	0.102058
32.74	231.815	0.0974783
33.24	231.69	0.0992246
33.74	231.565	0.102717
34.24	231.44	0.100609
34.74	231.315	0.099442
35.24	231.19	0.0982247
35.74	231.065	0.101573
36.24	230.94	0.0983768
36.74	230.815	0.101203
37.24	230.69	0.100899
37.74	230.565	0.108355
38.24	230.44	0.103435
38.74	230.315	0.104703
39.24	230.19	0.105507
39.74	230.065	0.103659
40.24	229.94	0.103703
40.74	229.815	0.103261
41.24	229.69	0.105688
41.74	229.565	0.105457
42.24	229.44	0.110906
42.74	229.315	0.103043
43.24	229.19	0.103949
43.74	229.065	0.106355
44.24	228.94	0.103174
44.74	228.815	0.102645
45.24	228.69	0.104486
45.74	228.565	0.10429
46.24	228.44	0.107239
46.74	228.315	0.10492
47.24	228.19	0.109355
47.74	228.065	0.167594
48.24	227.94	0.415464
48.74	227.815	0.556616
49.24	227.69	0.570225
49.74	227.565	0.570167
50.24	227.44	0.572659
50.74	227.315	0.575464
51.24	227.19	0.576891
51.74	227.065	0.574761
52.24	226.94	0.574355
52.74	226.815	0.5755
53.24	226.69	0.574398
53.74	226.565	0.573348
54.24	226.44	0.572174
54.74	226.315	0.576174
55.24	226.19	0.574804
55.74	226.065	0.577348
56.24	225.94	0.574551
56.74	225.815	0.573862
57.24	225.69	0.573138
57.74	225.565	0.581051
58.24	225.44	0.581638
58.74	225.315	0.582638
59.24	225.19	0.580855
59.74	225.065	0.581884
60.24	224.94	0.586094
60.74	224.815	0.584268
61.24	224.69	0.581804
61.74	224.565	0.5845
62.24	224.44	0.585051
62.74	224.315	0.584841
63.24	224.19	0.585159
63.74	224.065	0.584449
64.24	223.94	0.585594
64.74	223.815	0.583819
65.24	223.69	0.588399
65.74	223.565	0.586203
66.24	223.44	0.587065
66.74	223.315	0.589652
67.24	223.19	0.589471
67.74	223.065	0.588978
68.24	222.94	0.589493
68.74	222.815	0.586732
69.24	222.69	0.584746
69.74	222.565	0.583645
70.24	222.44	0.586768
70.74	222.315	0.586471
71.24	222.19	0.585739
71.74	222.065	0.586544
72.24	221.94	0.588804
72.74	221.815	0.586587
73.24	221.69	0.586899
73.74	221.565	0.584384
74.24	221.44	0.586601
74.74	221.315	0.588362
75.24	221.19	0.592739
75.74	221.065	0.590551
76.24	220.94	0.590768
76.74	220.815	0.588152
77.24	220.69	0.586449
77.74	220.565	0.584986
78.24	220.44	0.584841
78.74	220.315	0.587906
79.24	220.19	0.586217
79.74	220.065	0.588311
