0.0005 138.99221 -1389.2435 148696.98 -162604 11699.2 -174304 0.61121265
0.001 141.28594 -1647.9978 148091.57 -162053 11892.3 -173946 1.127534
0.0015 144.86263 -1595.6294 147072.15 -161469 12193.3 -173662 1.5963521
0.002 149.3373 -960.8418 146127.47 -160907 12570 -173477 2.0572331
0.0025 151.7091 -932.19784 145503.57 -160360 12769.6 -173130 2.4852683
0.003 154.68672 -747.50147 145070.93 -159758 13020.2 -172778 2.9925555
0.0035 155.30912 -790.51318 144668.4 -159077 13072.6 -172150 3.6642188
0.004 156.56805 -693.72134 144301.22 -158718 13178.6 -171896 4.3590502
0.0045 158.20982 -661.88671 144017.63 -158258 13316.8 -171575 5.0045035
0.005 162.27108 -878.30827 143831.74 -157813 13658.6 -171471 5.591439
0.0055 164.86045 -692.87154 143676.05 -157393 13876.6 -171269 6.3157983
0.006 164.32686 -675.04224 143527.04 -156914 13831.6 -170745 7.0234658
0.0065 165.87396 -732.50348 143388.89 -156551 13961.9 -170513 7.7177958
0.007 168.28646 -380.04182 143249.78 -156024 14164.9 -170189 8.3752641
0.0075 168.30698 -698.35662 143206.59 -155644 14166.7 -169811 8.9598402
0.008 171.31392 -674.12772 143226.15 -155231 14419.8 -169651 9.5560284
0.0085 170.55923 -738.62935 143259.64 -154910 14356.2 -169266 10.221651
0.009 173.14316 -413.61027 143231.64 -154547 14573.7 -169120 10.948942
0.0095 172.42157 -657.55969 143216.14 -154225 14513 -168738 11.864929
0.01 175.39105 -781.13689 143259.73 -153748 14762.9 -168511 12.994566
0.0105 170.32206 -722.72333 143297.13 -153427 14336.3 -167764 14.091697
0.011 179.336 -670.84345 143331.39 -153005 15095 -168100 15.23123
0.0115 179.26365 -623.59431 143383.42 -152677 15088.9 -167766 16.495221
0.012 181.43088 -358.24703 143416.14 -152417 15271.3 -167688 17.732701
0.0125 179.2922 -344.9516 143478.45 -152127 15091.3 -167218 18.734521
0.013 185.08084 -368.44691 143565.04 -151926 15578.5 -167505 19.829095
0.0135 188.45191 -824.44001 143667.55 -151518 15862.3 -167381 21.06483
0.014 186.95887 -714.38978 143691.35 -151170 15736.6 -166907 22.017336
0.0145 185.19154 -713.09278 143657.4 -150842 15587.9 -166430 22.99016
0.015 188.16977 -773.48449 143601.69 -150772 15838.5 -166610 24.187438
0.0155 191.03301 -357.90034 143580.48 -150391 16079.5 -166470 25.486591
0.016 192.78689 -473.63642 143654.51 -150164 16227.2 -166391 26.735442
0.0165 194.83 -321.18111 143859.77 -150007 16399.1 -166406 27.85157
0.017 188.97949 -428.67928 144145 -149770 15906.7 -165676 29.311371
0.0175 193.0921 -628.50479 144409.48 -149389 16252.9 -165642 30.525931
0.018 195.25884 -809.68448 144594.01 -149303 16435.2 -165739 31.692265
0.0185 198.55568 -902.12131 144723.34 -149018 16712.7 -165731 33.067901
0.019 199.38959 -686.89594 144818.41 -148819 16782.9 -165602 34.636002
0.0195 199.48888 -617.90714 144905.97 -148614 16791.3 -165405 36.053137
0.02 197.77848 -333.91768 145026.6 -148297 16647.3 -164944 37.512376
0.0205 197.93112 -656.70783 145177.57 -148155 16660.2 -164815 39.237762
0.021 197.27661 -736.01839 145346.25 -147993 16605.1 -164598 41.064797
0.0215 198.39212 -705.51381 145450.31 -147713 16699 -164412 42.966873
0.022 200.73598 -724.94359 145530.98 -147466 16896.3 -164363 44.577159
0.0225 203.21475 -737.94155 145554.6 -147347 17104.9 -164452 46.159957
0.023 202.00944 -724.18622 145478.69 -147237 17003.5 -164241 47.820449
0.0235 205.6851 -607.51382 145354.4 -147038 17312.8 -164351 49.567987
0.024 205.37006 -575.97395 145259.98 -147011 17286.3 -164297 51.247316
0.0245 207.99681 -525.26097 145279.47 -147080 17507.4 -164587 52.889755
0.025 204.14155 -715.18572 145360.78 -147092 17182.9 -164275 54.658211
0.0255 206.52104 -591.68695 145380.1 -146794 17383.2 -164177 55.876398
0.026 205.14695 -535.70843 145378.11 -146820 17267.5 -164088 57.11931
0.0265 206.56468 -472.92322 145380.48 -146777 17386.9 -164164 58.663849
0.027 205.58517 -770.48696 145387.17 -146614 17304.4 -163919 60.439837
0.0275 207.61698 -706.53309 145378.58 -146451 17475.4 -163927 62.224994
0.028 205.55477 -404.89745 145380.76 -146473 17301.9 -163775 63.866841
0.0285 207.40009 -621.22478 145386.44 -146344 17457.2 -163801 66.034762
0.029 207.93609 -546.76144 145387.02 -146270 17502.3 -163772 68.099038
0.0295 208.32982 -376.21046 145377.22 -146206 17535.4 -163741 69.568749
0.03 210.73941 -570.30763 145436.73 -146195 17738.3 -163933 71.451488
0.0305 210.06281 -492.60035 145517.61 -146086 17681.3 -163768 73.005607
0.031 212.01508 -693.43071 145636.48 -145860 17845.6 -163705 75.185136
0.0315 214.28583 -626.62116 145795.59 -145721 18036.8 -163758 77.259315
0.032 211.8485 -389.376 145980.6 -145593 17831.6 -163424 79.095336
0.0325 208.25667 -831.36951 146195.75 -145465 17529.3 -162994 81.163455
0.033 213.12479 -779.93333 146380.74 -145457 17939 -163396 83.091176
0.0335 209.84866 -461.14525 146487.69 -145508 17663.3 -163172 85.134745
0.034 210.70761 -803.02442 146528.32 -145509 17735.6 -163245 86.823662
0.0345 213.86169 -804.0127 146514.05 -145619 18001.1 -163620 88.722117
0.035 210.24272 -711.53877 146492.48 -145614 17696.5 -163310 90.680401
0.0355 210.17639 -532.55633 146487.62 -145509 17690.9 -163200 92.283121
0.036 210.48377 -782.11399 146449.7 -145442 17716.7 -163158 94.009803
0.0365 214.51872 -827.67873 146287.74 -145364 18056.4 -163421 96.008401
0.037 210.43775 -536.26796 146063.99 -145215 17712.9 -162927 97.781637
0.0375 215.08887 -533.02108 145903.11 -144914 18104.4 -163018 99.619772
0.038 212.53186 -185.11975 145831.63 -144897 17889.1 -162786 101.48316
0.0385 219.4549 -833.45472 145878.59 -144752 18471.9 -163223 103.25054
0.039 217.763 -241.52891 145934.63 -144640 18329.5 -162969 105.03334
0.0395 214.77511 -383.78629 146067.22 -144616 18078 -162694 106.48822
0.04 215.14278 -53.455246 146258.55 -144747 18108.9 -162856 108.39382
0.0405 215.47679 -861.76704 146512.11 -144694 18137 -162831 109.92839
0.041 217.9276 -528.8418 146703.21 -144641 18343.3 -162985 111.27401
0.0415 217.02447 -1067.3995 146825.07 -144710 18267.3 -162977 113.02297
0.042 214.77722 -342.27851 146850.61 -144601 18078.1 -162679 114.95005
0.0425 215.55387 -651.21437 146840.9 -144517 18143.5 -162661 116.87535
0.043 217.55367 -691.50681 146789.28 -144464 18311.8 -162775 118.5802
0.0435 216.3651 -871.66334 146738.83 -144438 18211.8 -162650 120.146
0.044 216.14266 -858.63621 146715.12 -144395 18193.1 -162589 121.96351
0.0445 219.08204 -664.95571 146680.02 -144293 18440.5 -162733 123.85004
0.045 217.14653 -888.50166 146640.85 -144273 18277.6 -162550 125.70989
0.0455 219.90695 -745.69143 146486.33 -144203 18509.9 -162713 127.80868
0.046 216.32221 -836.46964 146351.26 -144168 18208.2 -162377 130.02089
0.0465 218.0172 -526.29372 146291.7 -144047 18350.8 -162398 132.04412
0.047 218.74156 -527.61738 146279.18 -144079 18411.8 -162491 134.53931
0.0475 217.84738 -699.62137 146316.01 -144138 18336.6 -162475 136.83354
0.048 218.44641 -438.85818 146339.22 -144030 18387 -162417 139.31218
0.0485 216.9795 -223.42317 146418.05 -143984 18263.5 -162247 141.8635
0.049 219.45917 -712.45904 146533.54 -143965 18472.2 -162437 144.59656
0.0495 221.20428 -902.80563 146618.98 -143982 18619.1 -162601 146.91801
0.05 218.42161 -604.04342 146689.59 -143936 18384.9 -162320 148.74981
0.0505 217.86631 -695.02054 146756.93 -143961 18338.1 -162299 150.56575
0.051 218.11587 -592.72458 146807.04 -143898 18359.2 -162257 152.04497
0.0515 221.0539 -762.50016 146822.22 -143950 18606.5 -162557 154.17732
0.052 221.57348 -643.25089 146849.02 -143800 18650.2 -162450 156.21274
0.0525 221.07888 -793.98382 146854.11 -143706 18608.6 -162315 157.41176
0.053 222.18695 -512.06988 146819.32 -143570 18701.8 -162272 159.07167
0.0535 217.77192 -742.02808 146777.18 -143558 18330.2 -161888 160.60911
0.054 222.03682 -464.06145 146770.06 -143567 18689.2 -162256 161.75925
0.0545 222.7387 -905.24115 146803.44 -143510 18748.3 -162258 163.60106
0.055 221.51357 -786.28373 146805.56 -143556 18645.1 -162201 166.04115
0.0555 222.42356 -637.07892 146823.97 -143570 18721.7 -162292 167.47912
0.056 222.15986 -687.87537 146815.87 -143495 18699.5 -162195 168.92349
0.0565 222.11586 -584.89352 146826.35 -143461 18695.8 -162157 170.73903
0.057 221.62546 -657.77358 146878.48 -143332 18654.6 -161986 172.02439
0.0575 222.107 -640.62716 146978.76 -143357 18695.1 -162052 173.8593
0.058 219.22236 -670.25727 147090.59 -143421 18452.3 -161874 176.53785
0.0585 219.24705 -767.6074 147218.91 -143444 18454.4 -161899 178.61656
0.059 219.98436 -909.55387 147283.58 -143304 18516.4 -161821 180.41497
0.0595 221.77698 -859.22668 147282.36 -143272 18667.3 -161940 182.1683
0.06 221.42355 -920.75123 147196.93 -143378 18637.6 -162015 183.75823
0.0605 221.29974 -667.30287 147049.93 -143502 18627.1 -162130 185.51169
0.061 221.509 -726.01522 146985.71 -143487 18644.8 -162132 187.10248
0.0615 226.90557 -388.12437 146971.94 -143427 19099 -162526 188.77725
0.062 223.17987 -569.99596 146985.35 -143357 18785.4 -162143 191.05342
0.0625 221.81317 -1056.5241 147056.49 -143236 18670.4 -161907 192.6612
0.063 224.65508 -573.39193 147075.17 -143309 18909.6 -162218 194.23705
0.0635 217.89326 -1047.7421 147118.65 -143371 18340.4 -161712 196.0965
0.064 223.36141 -762.77045 147095.41 -143189 18800.7 -161990 197.59024
0.0645 222.81287 -264.1109 147037.72 -143185 18754.5 -161939 199.31234
0.065 222.86389 -756.23617 147007.81 -143159 18758.8 -161918 201.65092
0.0655 221.6003 -849.699 146916.03 -143192 18652.4 -161845 203.57124
0.066 223.76461 -504.58656 146827.66 -143394 18834.6 -162228 204.94976
0.0665 222.67692 -492.59199 146822.75 -143545 18743.1 -162288 207.3071
0.067 222.60561 -450.45844 146858.97 -143557 18737.1 -162294 209.35461
0.0675 222.46745 -622.16464 146949.92 -143647 18725.4 -162373 211.16692
0.068 217.98263 -506.21139 147103.34 -143605 18347.9 -161952 213.4388
0.0685 217.60326 -969.78585 147236.4 -143672 18316 -161988 216.34592
0.069 210.64245 -772.53423 147235.72 -143686 17730.1 -161416 218.17389
0.0695 219.10084 -737.1501 147169.59 -143631 18442.1 -162073 219.69301
0.07 220.18395 -601.96492 147053.69 -143595 18533.2 -162128 220.96106
0.0705 222.60512 -570.40513 146908.85 -143525 18737 -162262 222.88209
0.071 217.8613 -697.56759 146781.97 -143408 18337.7 -161745 224.33652
0.0715 218.34031 -339.36507 146654.02 -143376 18378 -161754 225.96052
0.072 222.12947 -513.49436 146640.87 -143389 18697 -162086 227.7525
0.0725 226.23644 -589.21593 146740.4 -143236 19042.7 -162279 229.94717
0.073 223.81537 -635.85423 146934.47 -143287 18838.9 -162126 232.351
0.0735 215.49462 -960.72528 147122.7 -143298 18138.5 -161436 234.10554
0.074 219.67382 -497.77485 147194.02 -143292 18490.3 -161782 235.78693
0.0745 222.29575 -732.31078 147266.92 -143274 18711 -161985 238.05406
0.075 221.1612 -580.18337 147292.83 -143279 18615.5 -161894 240.56292
0.0755 224.23998 -1348.9574 147345.39 -143460 18874.6 -162335 241.44543
0.076 220.53358 -933.62427 147352.13 -143464 18562.7 -162026 242.81908
0.0765 222.75371 -912.54884 147290.07 -143415 18749.5 -162165 245.10706
0.077 223.14701 -670.48567 147183.66 -143418 18782.6 -162201 246.30244
0.0775 218.67 -896.0556 147113.18 -143448 18405.8 -161854 248.0723
0.078 218.3515 -587.2001 146992.51 -143608 18379 -161987 249.15273
0.0785 224.0196 -566.51507 146877.56 -143468 18856.1 -162324 250.53953
0.079 224.16929 -601.8552 146785.92 -143412 18868.7 -162281 251.81863
0.0795 219.46432 -644.50134 146726.94 -143439 18472.7 -161912 253.07752
0.08 220.66002 -672.61893 146699.82 -143440 18573.3 -162013 255.59998
0.0805 222.94506 -863.36453 146687.91 -143521 18765.6 -162287 257.05869
0.081 221.59937 -859.86679 146648.9 -143615 18652.4 -162268 258.96224
0.0815 219.14167 -744.82848 146599.74 -143724 18445.5 -162169 261.35165
0.082 220.72661 -717.57261 146517.36 -143629 18578.9 -162208 263.40008
0.0825 222.59704 -385.15118 146423.49 -143611 18736.3 -162347 264.44148
0.083 220.06404 -717.99024 146398.18 -143598 18523.1 -162121 266.01322
0.0835 221.96081 -855.47873 146439.25 -143756 18682.8 -162439 268.09669
0.084 221.59206 -674.42432 146495.52 -143751 18651.8 -162402 270.02156
0.0845 220.21204 -947.84752 146555.45 -143719 18535.6 -162255 272.21036
0.085 218.03288 -587.92391 146609.82 -143635 18352.2 -161987 274.07458
0.0855 219.57165 -831.09013 146713.1 -143512 18481.7 -161994 276.70996
0.086 221.24818 -744.92275 146844.28 -143492 18622.8 -162115 278.9829
0.0865 219.4034 -903.70286 146932.75 -143395 18467.5 -161862 279.9763
0.087 219.99926 -690.05515 146924.19 -143322 18517.7 -161839 282.22897
0.0875 220.04862 -584.30212 146897.67 -143231 18521.8 -161752 284.22299
0.088 220.70307 -742.19425 146810.44 -143144 18576.9 -161720 285.04136
0.0885 225.60164 -496.84433 146707.86 -143098 18989.2 -162087 286.56205
0.089 220.83711 -638.02184 146627.43 -143110 18588.2 -161699 288.8701
0.0895 220.24349 -668.91775 146608.59 -143097 18538.2 -161635 290.88577
0.09 222.84971 -656.97051 146673.21 -143056 18757.6 -161813 292.48223
0.0905 222.05041 -777.18396 146756.62 -143115 18690.3 -161805 294.35524
0.091 221.76627 -608.92179 146824.23 -143069 18666.4 -161735 296.51385
0.0915 220.50754 -828.34421 146874.09 -143084 18560.5 -161645 298.81205
0.092 221.76888 -644.604 146909.75 -142986 18666.6 -161653 301.6585
0.0925 222.56335 -980.02685 146970.27 -142969 18733.5 -161702 304.40534
0.093 222.3231 -338.98848 147022.02 -143150 18713.3 -161863 307.21191
0.0935 219.91373 -547.47613 147113.01 -143159 18510.5 -161670 309.96352
0.094 221.03393 -949.33917 147178.72 -143198 18604.8 -161803 312.36925
0.0945 221.27951 -754.68974 147224.17 -143241 18625.4 -161866 314.7434
0.095 220.19955 -773.71945 147241.49 -143233 18534.5 -161768 317.16754
0.0955 218.01614 -500.68988 147179.65 -143253 18350.8 -161603 319.42039
0.096 217.6792 -905.54381 147099.41 -143193 18322.4 -161516 321.38666
0.0965 225.70402 -510.72215 146952.41 -143080 18997.9 -162078 323.54656
0.097 223.30306 -522.46075 146839.81 -143155 18795.8 -161951 325.57577
0.0975 218.32926 -681.83748 146784.1 -143338 18377.1 -161716 327.16204
0.098 222.88496 -113.32413 146683.69 -143349 18760.6 -162110 329.22561
0.0985 222.12701 -734.32272 146665.26 -143302 18696.8 -161999 331.93375
0.099 223.64087 -670.19095 146674.59 -143216 18824.2 -162040 334.15991
0.0995 224.42681 -711.96302 146683.66 -143227 18890.4 -162117 335.47184
0.1 220.28168 -662.17777 146718.17 -143325 18541.5 -161867 337.04232
0.1005 224.33084 -458.80056 146788.32 -143327 18882.3 -162209 339.22621
0.101 219.54229 -819.15846 146871.88 -143344 18479.2 -161823 341.7581
0.1015 217.44141 -517.37426 146926.87 -143308 18302.4 -161610 343.35135
0.102 218.63233 -464.43018 146961.85 -143331 18402.6 -161734 344.22107
0.1025 223.47751 -555.25618 146994.4 -143167 18810.5 -161978 346.18801
0.103 223.39194 -919.51142 147028.28 -143066 18803.2 -161869 348.53519
0.1035 219.16536 -820.89449 147009.49 -143135 18447.5 -161582 350.6387
0.104 223.00165 -632.38283 146992.61 -143184 18770.4 -161954 352.83567
0.1045 220.03002 -772.69109 147034.94 -143099 18520.3 -161619 354.41903
0.105 224.33998 -481.05835 147096.56 -143042 18883 -161925 355.95042
0.1055 221.15279 -587.55345 147168.18 -143105 18614.8 -161720 357.90728
0.106 220.40741 -715.6039 147232.15 -143103 18552 -161655 360.52092
0.1065 222.46427 -801.94516 147274.29 -143200 18725.2 -161925 362.34001
0.107 222.75901 -766.37264 147268.4 -143276 18750 -162026 363.65457
0.1075 220.20605 -706.55037 147189.63 -143313 18535.1 -161849 364.47871
0.108 222.76616 -908.0512 147077.84 -143325 18750.6 -162075 365.6078
0.1085 219.82627 -622.73814 146960.21 -143338 18503.1 -161841 367.84277
0.109 218.96386 -862.5079 146835.32 -143353 18430.5 -161784 369.62019
0.1095 218.98692 -466.31266 146647.26 -143440 18432.5 -161873 370.8383
0.11 221.81784 -443.08118 146526.47 -143510 18670.8 -162180 372.28054
0.1105 220.66069 -524.50659 146470.81 -143497 18573.4 -162070 374.82803
0.111 219.7069 -622.89234 146474.77 -143683 18493.1 -162176 377.09727
0.1115 215.64992 -607.92229 146525.25 -143584 18151.6 -161736 378.49498
0.112 221.27785 -646.58037 146602.05 -143599 18625.3 -162224 379.99525
0.1125 221.37437 -795.47848 146726.2 -143566 18633.4 -162199 381.37786
0.113 218.47747 -683.71437 146841.51 -143663 18389.6 -162053 383.08994
0.1135 218.62732 -414.67042 146960.73 -143612 18402.2 -162014 385.1245
0.114 220.53212 -412.98674 147106.14 -143685 18562.5 -162247 387.60653
0.1145 219.39888 -432.35781 147227.07 -143590 18467.1 -162057 389.69652
0.115 221.48939 -476.54613 147338.79 -143395 18643.1 -162038 391.07891
0.1155 217.73778 -653.49672 147377.18 -143411 18327.3 -161739 392.65006
0.116 220.01338 -529.53013 147358 -143522 18518.9 -162041 394.03152
0.1165 214.65791 -934.23487 147296.48 -143707 18068.1 -161775 394.93915
0.117 224.34769 -736.69406 147125.3 -143621 18883.7 -162505 395.65046
0.1175 218.82748 -463.15378 146886.34 -143797 18419.1 -162216 396.97512
0.118 218.27632 -574.39186 146652.26 -143894 18372.7 -162267 398.30023
0.1185 217.70194 -282.75272 146461.56 -143917 18324.3 -162241 399.09627
0.119 221.28232 -771.04169 146376.19 -143885 18625.7 -162511 400.32114
0.1195 219.02611 -845.91406 146303.41 -143876 18435.8 -162311 401.11282
0.12 220.59124 -570.95857 146192.22 -143880 18567.5 -162447 402.33158
0.1205 221.20071 -668.29514 146092.44 -143976 18618.8 -162595 404.6586
0.121 219.65518 -559.80147 146052.31 -143871 18488.7 -162360 406.44604
0.1215 219.23005 -735.81955 146077.03 -143815 18452.9 -162268 407.63729
0.122 219.45511 -532.31555 146103.84 -143701 18471.9 -162172 409.09546
0.1225 219.7899 -558.07382 146203.33 -143779 18500.1 -162279 410.82009
0.123 216.82154 -706.11047 146344.12 -143535 18250.2 -161785 413.03674
0.1235 223.27915 -886.0412 146468.52 -143690 18793.8 -162483 414.87711
0.124 221.87016 -653.50631 146605.27 -143550 18675.2 -162226 416.99903
0.1245 218.29027 -608.90236 146704.58 -143564 18373.8 -161937 418.91767
0.125 222.43681 -793.18361 146732.92 -143596 18722.9 -162319 421.78496
0.1255 220.05235 -752.53216 146734 -143547 18522.2 -162069 423.99963
0.126 219.3048 -707.24146 146706.13 -143639 18459.2 -162098 425.77211
0.1265 220.17608 -909.94247 146654.59 -143625 18532.6 -162158 427.42678
0.127 216.41531 -700.8779 146548.15 -143667 18216 -161883 428.62453
0.1275 220.23393 -513.19842 146417.94 -143612 18537.4 -162149 429.55212
0.128 221.89872 -584.19208 146354.35 -143730 18677.6 -162408 429.8534
0.1285 217.3599 -465.74786 146344.41 -143779 18295.5 -162074 431.82901
0.129 217.86965 -658.40172 146351.79 -143731 18338.4 -162070 433.85121
0.1295 221.36624 -959.10657 146326.83 -143690 18632.7 -162323 435.46135
0.13 222.36356 -512.26665 146222.29 -143598 18716.7 -162314 436.73114
0.1305 220.44704 -658.78986 146170.64 -143492 18555.4 -162047 437.67492
0.131 220.61919 -394.33782 146168.66 -143471 18569.9 -162041 439.24432
0.1315 222.06994 -491.75535 146276.32 -143554 18692 -162246 441.50865
0.132 218.30236 -360.01321 146454.8 -143498 18374.9 -161872 443.32249
0.1325 222.46153 -498.57248 146616.71 -143500 18724.9 -162225 445.381
0.133 219.11946 -733.65633 146783.55 -143536 18443.6 -161980 446.9931
0.1335 217.01759 -647.90677 146942.38 -143450 18266.7 -161717 449.09379
0.134 220.13072 -690.69342 147039.09 -143533 18528.7 -162061 450.79536
0.1345 216.69854 -559.44811 147050.33 -143452 18239.9 -161692 453.25268
0.135 224.35433 -936.95105 147050.01 -143509 18884.3 -162393 454.5014
0.1355 220.33665 -325.58829 147081.63 -143404 18546.1 -161950 456.50605
0.136 221.79494 -638.88853 147132.11 -143460 18668.8 -162129 457.34951
0.1365 218.0022 -567.83727 147127.89 -143537 18349.6 -161886 458.62373
0.137 221.15797 -512.00379 147117.14 -143594 18615.2 -162210 459.87985
0.1375 217.19128 -843.57409 147093.15 -143577 18281.3 -161859 461.31302
0.138 218.58445 -491.2923 147038.16 -143528 18398.6 -161927 462.94528
0.1385 219.93967 -1101.5953 147011.5 -143494 18512.7 -162006 464.80681
0.139 221.64212 -763.5687 146878.52 -143565 18656 -162221 465.95322
0.1395 221.02357 -382.39749 146721.99 -143534 18603.9 -162138 467.67251
0.14 220.84241 -466.03998 146654.03 -143646 18588.7 -162235 470.52699
0.1405 222.20176 -505.55512 146651.77 -143647 18703.1 -162350 472.57086
0.141 219.09734 -479.26852 146648.17 -143585 18441.8 -162026 474.1944
0.1415 219.82146 -524.72375 146671.95 -143579 18502.7 -162081 476.50443
0.142 220.67133 -644.02522 146711.98 -143679 18574.3 -162253 478.65667
0.1425 217.45559 -657.03604 146750.58 -143806 18303.6 -162110 481.35522
0.143 218.44529 -985.53411 146869.28 -143728 18386.9 -162115 483.39343
0.1435 219.57533 -875.38351 146982.93 -143837 18482 -162319 485.64571
0.144 217.33955 -801.6488 147054.85 -143804 18293.8 -162097 488.76472
0.1445 219.63526 -645.78824 147048.43 -143736 18487 -162223 490.95744
0.145 221.6278 -689.89837 147009.42 -143637 18654.8 -162292 491.70106
0.1455 218.34668 -688.05903 146925.52 -143713 18378.6 -162092 492.92451
0.146 220.26203 -774.22514 146850.04 -143686 18539.8 -162225 493.57095
0.1465 217.835 -613.99115 146770.31 -143662 18335.5 -161998 493.95795
0.147 219.17213 -1085.1743 146672.61 -143597 18448.1 -162045 496.26565
0.1475 219.33274 -604.70756 146532.61 -143614 18461.6 -162076 498.2171
0.148 222.15879 -314.94314 146391.36 -143586 18699.5 -162286 499.47832
0.1485 220.61591 -588.85973 146276.47 -143660 18569.6 -162230 501.54082
0.149 219.02176 -704.39446 146191.78 -143641 18435.4 -162076 504.52218
0.1495 221.54771 -580.92738 146154.39 -143789 18648 -162437 506.8433
0.15 216.41987 -511.41926 146195.4 -143900 18216.4 -162117 509.04734
0.1505 220.18976 -516.83123 146286.61 -143930 18533.7 -162464 511.95176
0.151 221.44621 -470.79643 146389.02 -144014 18639.5 -162653 513.54755
0.1515 217.63864 -422.31286 146528.35 -144080 18319 -162399 515.08524
0.152 215.70861 -553.84177 146694.52 -144237 18156.5 -162394 517.819
0.1525 215.9365 -586.07188 146828.06 -144166 18175.7 -162342 519.96335
0.153 216.24852 -597.06623 146948.9 -144082 18202 -162284 521.78283
0.1535 217.29547 -867.22838 147061.43 -144139 18290.1 -162430 523.1969
0.154 217.9662 -567.01403 147077.72 -144198 18346.6 -162545 524.21138
0.1545 214.36058 -692.2126 147073.96 -144490 18043.1 -162533 524.40933
0.155 215.4826 -894.17309 147024.4 -144625 18137.5 -162762 527.11556
0.1555 212.84027 -738.64987 146914.61 -144509 17915.1 -162424 529.30824
0.156 215.71679 -803.36724 146774.29 -144370 18157.2 -162527 531.38144
0.1565 220.80285 -413.25784 146674.25 -144260 18585.3 -162846 534.0882
0.157 214.44209 -948.17537 146644.97 -144129 18049.9 -162179 535.79579
0.1575 216.96248 -770.29015 146604.84 -144074 18262.1 -162336 537.22727
0.158 219.97797 -761.56303 146603.14 -144097 18515.9 -162613 538.33906
0.1585 214.15731 -485.57665 146613.36 -144130 18026 -162156 540.40748
0.159 217.43218 -157.6309 146614.77 -144080 18301.6 -162382 541.12784
0.1595 219.90338 -746.54723 146685.32 -144041 18509.6 -162550 543.53521
0.16 217.23873 -736.55533 146754.14 -144011 18285.3 -162296 545.63989
0.1605 221.7979 -618.91802 146847.15 -144002 18669.1 -162671 546.83719
0.161 216.06252 -1064.9976 146927.99 -144012 18186.3 -162198 548.43816
0.1615 219.79621 -693.58811 146922.81 -143938 18500.6 -162439 549.58664
0.162 218.37954 -786.7454 146952.15 -143712 18381.3 -162093 551.24342
0.1625 221.1528 -667.54254 146991.7 -143753 18614.8 -162368 553.16196
0.163 218.26547 -581.23748 146991.83 -143674 18371.7 -162046 555.26014
0.1635 219.41151 -307.76519 146983.17 -143580 18468.2 -162049 557.48882
0.164 219.85503 -473.97809 147036.54 -143729 18505.5 -162234 559.03159
0.1645 217.73981 -642.38311 147112.48 -143641 18327.5 -161969 561.73158
0.165 218.8598 -932.98697 147169 -143664 18421.8 -162086 562.78055
0.1655 216.7322 -715.25236 147185.67 -143808 18242.7 -162050 564.69446
0.166 217.76697 -770.54293 147102.14 -143835 18329.8 -162165 566.1369
0.1665 217.21555 -829.37417 146977.14 -143894 18283.4 -162177 567.70876
0.167 217.29095 -826.54167 146851.95 -143752 18289.7 -162041 569.65749
0.1675 222.40771 -521.76171 146643.25 -143751 18720.4 -162471 570.95119
0.168 222.23342 -504.3626 146429.07 -143617 18705.7 -162323 573.13274
0.1685 219.48466 -777.79567 146289.79 -143589 18474.4 -162063 574.85447
0.169 222.64881 -258.25622 146204.41 -143704 18740.7 -162445 576.09908
0.1695 220.31222 -301.63417 146181.2 -143664 18544 -162208 577.22095
0.17 218.20652 -689.3592 146215.12 -143750 18366.8 -162117 579.61438
0.1705 217.93297 -783.63569 146311.64 -143659 18343.8 -162003 581.81298
0.171 220.92329 -453.94923 146469.87 -143621 18595.5 -162216 583.18871
0.1715 220.35949 -461.82201 146687.58 -143644 18548 -162192 586.01642
0.172 222.02072 -445.19129 146884.57 -143678 18687.8 -162365 588.78296
0.1725 220.47636 -612.68867 147136.18 -143772 18557.8 -162330 591.96182
0.173 218.54355 -1101.939 147331.2 -143858 18395.2 -162253 594.09846
0.1735 217.5805 -823.79049 147401.1 -143850 18314.1 -162164 594.77671
0.174 214.68958 -538.05728 147381.79 -143820 18070.8 -161890 595.56145
0.1745 216.07048 -831.90705 147339.27 -143888 18187 -162075 597.23208
0.175 218.80534 -709.70316 147251.76 -144029 18417.2 -162447 598.11503
0.1755 217.62055 -704.50805 147117.93 -144033 18317.5 -162350 599.24243
0.176 223.57726 -577.69498 146934.96 -144011 18818.8 -162830 600.06129
0.1765 215.36657 -423.93918 146814.34 -144019 18127.7 -162147 601.49151
0.177 218.26798 -927.75813 146737.25 -144054 18372 -162426 603.89825
0.1775 215.36107 -776.01599 146660.83 -144216 18127.3 -162343 605.93719
0.178 220.24098 -532.73181 146585.01 -144182 18538 -162720 607.45487
0.1785 220.45213 -799.04757 146560.78 -144315 18555.8 -162871 609.6765
0.179 215.96253 -775.55793 146524.72 -144239 18177.9 -162417 610.64107
0.1795 217.97169 -692.74583 146515.53 -144247 18347 -162594 611.3484
0.18 221.53808 -893.7657 146543.45 -144332 18647.2 -162979 613.19637
0.1805 217.22225 -586.0133 146564.12 -144419 18283.9 -162703 615.25429
0.181 217.54669 -703.89922 146589.45 -144400 18311.2 -162712 616.35226
0.1815 215.98709 -511.04962 146627.27 -144403 18180 -162583 616.92582
0.182 212.98706 -637.65631 146637.69 -144434 17927.5 -162362 617.48881
0.1825 217.09195 -744.71232 146592.61 -144491 18273 -162764 618.88655
0.183 222.36995 -594.33602 146533.56 -144481 18717.2 -163198 619.93651
0.1835 216.64362 -674.83987 146492.68 -144426 18235.2 -162661 621.01263
0.184 219.37019 -1000.714 146481.37 -144472 18464.7 -162937 623.41728
0.1845 216.17346 -746.27675 146443.39 -144449 18195.7 -162644 624.79959
0.185 218.63596 -885.36069 146346.89 -144337 18402.9 -162740 625.77496
0.1855 222.40613 -932.71081 146245.3 -144281 18720.3 -163001 627.33652
0.186 221.25934 -588.12122 146145.61 -144204 18623.7 -162827 629.24065
0.1865 218.63096 -327.77374 146105.64 -144179 18402.5 -162581 631.65453
0.187 219.46855 -604.02683 146160.26 -144064 18473 -162537 633.86307
0.1875 221.71594 -641.63122 146268.57 -143913 18662.2 -162575 635.19335
0.188 221.29276 -803.42771 146445.28 -143919 18626.6 -162546 636.59162
0.1885 217.7669 -769.39757 146695.6 -143897 18329.8 -162226 638.41611
0.189 216.32637 -861.72053 146972.77 -144032 18208.5 -162241 640.04406
0.1895 218.88557 -883.02961 147199.88 -144113 18423.9 -162537 642.00058
0.19 218.45077 -834.55149 147375.66 -143983 18387.3 -162370 643.64697
0.1905 218.51914 -923.35055 147485.39 -144067 18393.1 -162460 646.17327
0.191 216.03582 -623.69593 147497.29 -144039 18184.1 -162223 647.50908
0.1915 215.57425 -536.60102 147522.17 -143980 18145.2 -162125 648.1282
0.192 217.74863 -884.81036 147480.13 -143837 18328.2 -162165 650.82121
0.1925 215.71392 -627.25933 147330.46 -143944 18157 -162101 652.87193
0.193 213.15712 -507.61996 147103.62 -143832 17941.8 -161774 653.81775
0.1935 216.39613 -379.10045 146879.32 -143786 18214.4 -162000 654.15019
0.194 219.4702 -485.13584 146676.97 -143673 18473.2 -162146 655.16134
0.1945 219.25536 -828.06398 146554.13 -143625 18455.1 -162080 655.60546
0.195 220.77918 -886.82326 146462.3 -143709 18583.3 -162292 656.53156
0.1955 220.87721 -682.67745 146379.34 -143863 18591.6 -162455 656.62257
0.196 219.28872 -565.35751 146310.51 -143863 18457.9 -162321 657.05881
0.1965 223.70887 -565.65966 146348.21 -143816 18829.9 -162646 658.68691
0.197 219.43608 -851.75009 146488.67 -143838 18470.3 -162308 661.33671
0.1975 218.0453 -910.06897 146647.2 -143770 18353.2 -162123 662.6048
0.198 223.84234 -854.39396 146763.1 -143870 18841.2 -162711 664.25314
0.1985 218.36426 -629.75458 146856.25 -143813 18380.1 -162193 666.69457
0.199 220.80516 -173.65776 146953.65 -143745 18585.5 -162331 668.06038
0.1995 218.68176 -716.57846 147075.9 -143736 18406.8 -162143 669.88759
0.2 215.14631 -645.97384 147164.43 -143820 18109.2 -161929 671.28022
0.2005 217.96846 -631.26821 147229.52 -143906 18346.7 -162253 673.16156
0.201 218.66419 -912.90439 147318.74 -143958 18405.3 -162363 675.02859
0.2015 219.85957 -954.86335 147348.63 -144006 18505.9 -162512 675.65323
0.202 218.58163 -855.51956 147274.6 -143959 18398.4 -162358 676.64057
0.2025 216.5178 -975.2117 147130.71 -143979 18224.6 -162204 677.25129
0.203 218.50943 -646.66833 146879.21 -143980 18392.3 -162373 678.65392
0.2035 223.15074 -681.78035 146693.76 -143862 18782.9 -162645 680.00487
0.204 218.02002 -512.1138 146554.09 -143872 18351.1 -162224 682.40458
0.2045 216.9914 -447.59373 146514.56 -143937 18264.5 -162201 684.08134
0.205 220.72016 -766.76369 146498.21 -143977 18578.4 -162556 685.35354
0.2055 220.40138 -584.73277 146487.57 -143936 18551.5 -162487 687.34393
0.206 217.59402 -424.13549 146542.54 -143916 18315.2 -162231 688.3346
0.2065 218.67036 -291.34525 146628.54 -143960 18405.8 -162366 689.36764
0.207 220.09399 -878.08059 146744.39 -144001 18525.7 -162527 690.21416
0.2075 219.86497 -563.45928 146846.7 -143813 18506.4 -162319 692.48501
0.208 222.20461 -850.06822 146945 -143962 18703.3 -162665 693.8701
0.2085 218.42337 -802.60305 146982.95 -143858 18385 -162243 694.6105
0.209 218.6601 -506.28044 146963.99 -143807 18405 -162212 695.04138
0.2095 220.21981 -729.02846 146943.88 -143906 18536.2 -162442 695.66569
0.21 218.33339 -735.14895 146879.77 -143890 18377.5 -162267 696.46007
0.2105 217.02672 -697.36526 146815.6 -143939 18267.5 -162206 697.74335
0.211 219.08636 -652.89569 146671.37 -143868 18440.8 -162309 699.40766
0.2115 222.32146 -508.29158 146480.21 -143902 18713.1 -162615 700.56
0.212 215.9629 -334.13941 146344.85 -143862 18177.9 -162040 700.94422
0.2125 217.43343 -640.74161 146258.71 -143869 18301.7 -162170 702.88711
0.213 221.66655 -590.71403 146185.23 -143847 18658 -162505 704.32688
0.2135 220.76845 -470.59584 146199.38 -143837 18582.4 -162420 705.7633
0.214 217.42145 -628.40437 146251.48 -143862 18300.7 -162163 708.04993
0.2145 216.37954 -696.02254 146329.27 -143747 18213 -161960 709.53469
0.215 222.74658 -1050.4974 146407.72 -143706 18748.9 -162455 710.86243
0.2155 217.38876 -826.64437 146467.27 -143636 18298 -161934 713.4311
0.216 220.62332 -668.64339 146538.92 -143600 18570.2 -162170 715.45774
0.2165 223.15934 -661.46167 146623.89 -143487 18783.7 -162271 716.91393
0.217 221.2286 -462.9884 146746.43 -143419 18621.2 -162040 719.08022
0.2175 220.79403 -888.6528 146863.47 -143454 18584.6 -162039 721.34223
0.218 217.44769 -705.60874 146949.9 -143357 18302.9 -161660 723.58139
0.2185 226.17978 -875.93949 147059.59 -143377 19037.9 -162415 726.22983
0.219 220.1468 -1027.1652 147126.61 -143418 18530.1 -161948 727.36567
0.2195 220.57454 -879.81953 147149.11 -143484 18566.1 -162050 728.54198
0.22 221.92848 -880.95205 147135.1 -143414 18680.1 -162094 731.16177
0.2205 222.1284 -504.79886 147111.06 -143392 18696.9 -162089 732.45695
0.221 228.31686 -663.15333 147147.77 -143355 19217.8 -162573 734.08097
0.2215 222.69233 -624.69114 147185.09 -143326 18744.4 -162071 737.0092
0.222 219.17072 -603.43638 147234.49 -143206 18447.9 -161654 737.98734
0.2225 221.05376 -874.64365 147342.87 -143268 18606.4 -161875 740.58596
0.223 219.18634 -509.0809 147471.9 -143023 18449.3 -161472 743.10156
0.2235 226.24489 -641.4451 147615.13 -143089 19043.4 -162133 745.66129
0.224 227.48774 -676.58627 147730.9 -143122 19148 -162270 748.75597
0.2245 223.47474 -692.46984 147775.81 -143116 18810.2 -161926 751.23169
0.225 223.03541 -875.84232 147781.14 -143048 18773.2 -161822 752.16138
0.2255 219.03479 -1067.7351 147709.09 -143166 18436.5 -161603 752.9783
0.226 220.29012 -415.35413 147566.59 -143104 18542.2 -161646 754.79655
0.2265 220.91115 -617.07068 147438.6 -143117 18594.4 -161711 755.87039
0.227 218.2888 -804.36514 147307.07 -143189 18373.7 -161563 756.98869
0.2275 221.01377 -835.45321 147104.71 -143307 18603.1 -161910 758.26361
0.228 220.69147 -814.06659 146902.8 -143305 18575.9 -161881 759.38471
0.2285 220.75384 -453.86438 146723.28 -143319 18581.2 -161900 759.45616
0.229 224.2886 -547.92442 146577.04 -143384 18878.7 -162263 761.81475
0.2295 216.70224 -491.57126 146453.8 -143440 18240.2 -161680 762.74118
0.23 222.38782 -184.5968 146433.52 -143436 18718.7 -162155 764.6089
0.2305 223.09946 -412.56402 146580.15 -143364 18778.6 -162143 766.35484
0.231 221.76689 -560.96182 146749.64 -143267 18666.5 -161933 768.46198
0.2315 221.85664 -475.04318 146894.22 -143338 18674 -162013 771.44834
0.232 218.69554 -896.13352 147048.38 -143311 18407.9 -161719 775.3209
0.2325 218.81677 -648.13107 147120.67 -143339 18418.2 -161757 777.26509
0.233 219.55009 -1006.0129 147169.2 -143389 18479.9 -161869 779.81138
0.2335 219.37721 -727.04959 147140.89 -143449 18465.3 -161914 780.47118
0.234 218.58683 -693.74959 147090.77 -143384 18398.8 -161783 781.61091
0.2345 220.32156 -559.21559 147071.74 -143493 18544.8 -162038 782.8461
0.235 221.01713 -585.34598 147012.82 -143547 18603.4 -162150 784.97543
0.2355 221.20079 -439.10417 146932.09 -143561 18618.8 -162179 787.44317
0.236 221.89676 -494.0108 146875.85 -143530 18677.4 -162207 789.67515
0.2365 222.82988 -733.86445 146856.48 -143408 18755.9 -162164 791.9548
0.237 224.29626 -755.59519 146891.64 -143339 18879.4 -162218 793.91288
0.2375 221.46177 -646.14059 146960.52 -143260 18640.8 -161901 797.04776
0.238 223.66501 -839.30819 147025.18 -143213 18826.2 -162039 798.71189
0.2385 217.74965 -622.1495 147075 -143266 18328.3 -161595 800.42547
0.239 220.00936 -636.59444 147140.93 -143231 18518.5 -161749 803.47033
0.2395 218.72992 -503.40316 147167.63 -143381 18410.8 -161792 805.42017
0.24 219.0836 -383.98024 147116.04 -143412 18440.6 -161853 807.45691
0.2405 223.09862 -607.14729 147051.09 -143342 18778.6 -162121 808.32131
0.241 219.69417 -694.86792 146998.78 -143278 18492 -161770 809.28809
0.2415 224.5074 -723.50707 147024.37 -143315 18897.1 -162213 812.15456
0.242 222.76948 -579.29991 147004.7 -143390 18750.9 -162141 814.95567
0.2425 220.75687 -545.29833 147002.31 -143402 18581.5 -161984 817.05405
0.243 222.6437 -739.36136 147004.32 -143425 18740.3 -162165 817.2753
0.2435 219.82529 -646.87625 146977.58 -143425 18503 -161928 818.95169
0.244 220.92132 -906.5533 147004.64 -143456 18595.3 -162051 821.75797
0.2445 223.552 -520.13786 147018.99 -143514 18816.7 -162330 822.9807
0.245 218.04399 -229.81409 147086.14 -143517 18353.1 -161870 824.57086
0.2455 222.44755 -739.38468 147243.22 -143502 18723.8 -162226 826.79837
0.246 218.69101 -1044.8415 147376.96 -143437 18407.6 -161844 829.55823
0.2465 220.052 -578.54715 147367.01 -143344 18522.1 -161866 830.04635
0.247 220.97523 -728.35505 147316.05 -143255 18599.8 -161855 829.36248
0.2475 220.22049 -703.77634 147227.38 -143160 18536.3 -161696 830.63256
0.248 223.41336 -764.75622 147076.31 -143026 18805.1 -161831 832.30165
0.2485 220.86924 -233.50767 146973.94 -142935 18590.9 -161526 832.94431
0.249 225.19546 -757.70536 146940.05 -142978 18955.1 -161933 833.92713
0.2495 226.05792 -651.69912 146942.65 -143054 19027.6 -162081 835.45517
0.25 222.8562 -812.23657 147024.33 -143148 18758.2 -161906 836.72682
0.2505 223.5213 -466.55344 147113.16 -143154 18814.1 -161968 837.86195
0.251 222.61731 -578.43881 147207.73 -143089 18738 -161827 840.64842
0.2515 221.31638 -683.63254 147330.42 -143167 18628.5 -161796 843.01644
0.252 222.06356 -1055.6545 147429.65 -143255 18691.4 -161946 844.22251
0.2525 218.56584 -992.90064 147445.37 -143386 18397 -161783 845.65526
0.253 219.74947 -728.83393 147319.42 -143498 18496.7 -161995 847.00642
0.2535 217.67481 -697.87346 147117.61 -143578 18322 -161900 847.86351
0.254 221.20934 -648.52787 146861.93 -143622 18619.5 -162241 848.72444
0.2545 223.24097 -739.19976 146648.9 -143551 18790.5 -162342 851.27691
0.255 218.89099 -606.30818 146464.18 -143529 18424.4 -161954 852.30288
0.2555 220.5706 -540.8979 146324.88 -143599 18565.8 -162165 853.08962
0.256 219.58542 -204.44472 146257.98 -143796 18482.8 -162279 854.5118
0.2565 224.48259 -522.86784 146314 -143742 18895.1 -162637 857.83554
0.257 221.53702 -664.97297 146474.27 -143699 18647.1 -162346 859.46475
0.2575 223.94385 -364.66634 146661.2 -143623 18849.7 -162472 860.60831
0.258 222.6315 -605.3942 146914.89 -143688 18739.2 -162427 861.90864
0.2585 219.46491 -687.05539 147205.6 -143574 18472.7 -162047 865.02717
0.259 222.01143 -1107.6009 147476.48 -143558 18687.1 -162245 867.46941
0.2595 223.05908 -686.26461 147636.48 -143617 18775.2 -162392 870.34796
0.26 223.6789 -516.52125 147717.24 -143559 18827.4 -162387 871.21224
0.2605 218.85075 -964.20978 147727.86 -143825 18421 -162246 873.31329
0.261 216.41049 -849.89806 147645.76 -143888 18215.6 -162104 874.54668
0.2615 220.45436 -1085.7647 147490.95 -143810 18556 -162366 875.68219
0.262 216.87925 -782.6551 147284.09 -143761 18255.1 -162016 876.27702
0.2625 220.94358 -490.722 146992.7 -143875 18597.2 -162472 876.08614
0.263 219.88471 -493.70681 146713.85 -143917 18508 -162426 877.29847
0.2635 216.2932 -759.95849 146497.33 -143923 18205.7 -162129 879.88753
0.264 219.14912 -660.63225 146295.8 -143883 18446.1 -162329 881.88717
0.2645 221.5526 -286.08182 146139.42 -143793 18648.4 -162441 883.43173
0.265 224.06385 -591.5952 146047.99 -143880 18859.8 -162740 885.76251
0.2655 220.24124 -667.10692 146032.9 -143869 18538.1 -162407 888.18286
0.266 220.8155 -458.19107 146110.26 -143895 18586.4 -162482 889.84099
0.2665 219.91154 -649.10807 146284.3 -143828 18510.3 -162339 892.39771
0.267 222.06573 -541.99971 146520.32 -143788 18691.6 -162480 893.89987
0.2675 218.11797 -877.23267 146731.88 -143788 18359.3 -162147 896.1042
0.268 218.43501 -723.00979 146835.36 -143886 18386 -162272 898.707
0.2685 217.63859 -756.43185 146920.41 -143804 18319 -162123 900.79542
0.269 222.20914 -777.62563 147020.35 -143719 18703.7 -162423 900.80745
0.2695 217.23255 -645.44062 147096.52 -143793 18284.8 -162078 902.19794
0.27 215.59762 -571.02529 147106.14 -143832 18147.2 -161979 903.40924
0.2705 218.52272 -816.10878 147075.97 -143817 18393.4 -162210 905.49716
0.271 217.84446 -762.63719 147002.48 -143804 18336.3 -162140 906.84418
0.2715 215.89002 -622.08747 146847.87 -143897 18171.8 -162069 907.93778
0.272 221.50172 -503.52811 146659.76 -143797 18644.1 -162441 908.70179
0.2725 219.05433 -450.01807 146498.58 -143756 18438.1 -162194 910.62993
0.273 218.9818 -243.08426 146398.46 -143719 18432 -162151 911.42981
0.2735 219.25425 -592.42213 146392.09 -143710 18455 -162165 913.18154
0.274 218.33979 -548.88344 146413.96 -143629 18378 -162007 914.12506
0.2745 219.04257 -641.04212 146523.25 -143689 18437.2 -162126 916.13088
0.275 221.60762 -496.04555 146660.37 -143577 18653.1 -162230 918.4146
0.2755 223.03564 -576.64042 146757.65 -143647 18773.3 -162420 919.9013
0.276 219.21809 -358.08975 146849.38 -143670 18451.9 -162122 921.56242
0.2765 218.30236 -938.07891 146938.41 -143722 18374.9 -162097 922.79895
0.277 218.62624 -331.64142 146939.5 -143659 18402.1 -162062 925.08354
0.2775 222.3453 -592.67423 146965.02 -143662 18715.2 -162377 926.39134
0.278 217.20728 -721.82621 147049.07 -143614 18282.7 -161897 929.2596
0.2785 216.58944 -818.66809 147110.71 -143562 18230.7 -161793 930.96731
0.279 224.48096 -803.51375 147064.99 -143596 18894.9 -162491 932.22332
0.2795 221.57173 -816.92305 146979.8 -143610 18650 -162260 933.61016
0.28 219.59669 -722.59152 146917.74 -143561 18483.8 -162045 934.80744
0.2805 220.89065 -798.67545 146867.2 -143588 18592.7 -162180 936.04634
0.281 217.57636 -761.51967 146789.91 -143635 18313.7 -161949 937.55219
0.2815 222.96359 -1129.0091 146717.33 -143601 18767.2 -162368 938.53564
0.282 218.87207 -696.60583 146576.8 -143682 18422.8 -162105 939.1702
0.2825 217.58171 -725.56269 146413.4 -143845 18314.2 -162159 940.03403
0.283 221.79991 -657.58185 146213.78 -143846 18669.2 -162515 941.48857
0.2835 219.31249 -306.57448 146021.83 -143850 18459.9 -162310 942.90046
0.284 222.22082 -359.0512 145941.66 -143713 18704.7 -162418 945.08473
0.2845 221.69826 -423.34724 146045.56 -143670 18660.7 -162330 947.27893
0.285 221.91716 -597.44586 146237.13 -143772 18679.1 -162451 950.05954
0.2855 219.82298 -311.27316 146401.89 -143798 18502.8 -162301 953.07168
0.286 221.93795 -802.58968 146562.99 -143758 18680.9 -162438 956.66174
0.2865 216.2087 -391.58871 146674.61 -143759 18198.6 -161957 958.53184
0.287 219.68203 -710.28808 146813.74 -143802 18491 -162293 960.6422
0.2875 219.85111 -646.93776 146963.27 -143838 18505.2 -162343 961.36388
0.288 218.70212 -944.90159 147075.74 -143765 18408.5 -162174 963.52834
0.2885 218.34084 -825.3669 147098.97 -143742 18378.1 -162120 965.9306
0.289 219.23101 -864.24402 147043.67 -143833 18453 -162286 966.30199
0.2895 221.13485 -534.85576 146916.95 -143916 18613.3 -162529 965.93843
0.29 215.79277 -902.27101 146775.74 -144004 18163.6 -162168 967.77951
0.2905 219.23279 -852.00657 146584.29 -144002 18453.2 -162455 969.88649
0.291 219.95682 -582.22659 146362.52 -144070 18514.1 -162584 970.84508
0.2915 220.48174 -465.9029 146210.52 -144070 18558.3 -162628 971.75019
0.292 216.71084 -561.5091 146175.26 -144129 18240.9 -162370 973.55682
0.2925 219.98413 -660.01179 146212.8 -144197 18516.4 -162714 975.7685
0.293 220.6466 -688.91024 146256.77 -144183 18572.2 -162755 976.23321
0.2935 217.78062 -601.64345 146316.3 -144164 18330.9 -162495 976.85827
0.294 218.29325 -615.15326 146328.08 -144120 18374.1 -162494 978.92026
0.2945 221.86908 -428.87746 146369.38 -144098 18675.1 -162773 980.92957
0.295 220.64779 -951.1349 146493.87 -144063 18572.3 -162635 983.85894
0.2955 218.45063 -730.52557 146589.36 -143854 18387.3 -162241 986.46979
0.296 218.33201 -523.05592 146698.89 -143914 18377.3 -162291 988.08099
0.2965 217.08552 -695.56456 146838.56 -143826 18272.4 -162098 989.79779
0.297 217.56661 -779.9871 146918.26 -143736 18312.9 -162049 992.4697
0.2975 221.34117 -632.76184 146914.03 -143638 18630.6 -162269 994.9069
0.298 220.29847 -663.29494 146888.33 -143534 18542.9 -162077 997.53034
0.2985 218.91446 -762.9275 146818.58 -143494 18426.4 -161920 997.92312
0.299 220.65612 -548.64919 146734.04 -143503 18573 -162076 1000.1891
0.2995 217.41518 -612.41805 146623.07 -143504 18300.2 -161804 1001.7078
0.3 221.72564 -243.38466 146536.64 -143452 18663 -162115 1003.637
0.3005 221.88318 -413.22211 146548.09 -143421 18676.3 -162098 1004.7469
0.301 222.4928 -698.10227 146572.31 -143490 18727.6 -162217 1007.2453
0.3015 219.477 -657.27333 146606.8 -143412 18473.7 -161886 1010.2775
0.302 219.27418 -710.37372 146663.5 -143511 18456.7 -161968 1012.1892
0.3025 219.72428 -930.55279 146734.84 -143575 18494.5 -162070 1014.8902
0.303 219.65954 -321.78449 146807.81 -143682 18489.1 -162171 1017.6048
0.3035 218.7246 -959.499 146969.82 -143717 18410.4 -162127 1020.3075
0.304 221.77473 -795.02843 146995.55 -143824 18667.1 -162491 1022.4748
0.3045 218.4048 -472.75126 146933.75 -143861 18383.5 -162245 1023.9814
0.305 220.99368 -724.58043 146896.55 -143931 18601.4 -162533 1025.6183
0.3055 221.1014 -719.04739 146896.59 -143704 18610.5 -162314 1028.4078
0.306 222.63571 -661.67575 146866.89 -143564 18739.6 -162304 1029.8449
0.3065 218.21211 -623.74566 146853.06 -143603 18367.3 -161970 1031.0851
0.307 223.03809 -698.62347 146817.27 -143629 18773.5 -162403 1029.8752
0.3075 223.78067 -485.03664 146773.42 -143473 18836 -162309 1031.3372
0.308 218.45898 -577.49414 146783.03 -143518 18388 -161906 1032.1479
0.3085 219.45676 -562.04804 146863.22 -143327 18472 -161799 1033.9552
0.309 215.87408 -706.3625 146926.44 -143318 18170.5 -161489 1036.1033
0.3095 221.33095 -607.33633 146905.07 -143473 18629.8 -162103 1038.2104
0.31 222.68034 -750.09081 146892.39 -143431 18743.4 -162174 1040.0109
0.3105 216.73126 -664.19296 146879.15 -143545 18242.6 -161788 1042.1446
0.311 221.9914 -858.64089 146912.65 -143377 18685.4 -162062 1043.5024
0.3115 224.96042 -803.68276 146937.64 -143398 18935.3 -162334 1044.9929
0.312 223.94429 -1019.4168 146957.42 -143440 18849.7 -162290 1045.0735
0.3125 219.0349 -714.7437 146886.8 -143461 18436.5 -161897 1046.5985
0.313 220.83251 -300.65998 146778.3 -143561 18587.8 -162149 1047.7781
0.3135 222.21885 -595.20546 146721.06 -143545 18704.5 -162250 1050.4916
0.314 217.53295 -639.28141 146644.59 -143474 18310.1 -161784 1049.9911
0.3145 215.8471 -236.34575 146520.8 -143547 18168.2 -161716 1050.2747
0.315 218.02323 -757.07625 146437.91 -143636 18351.4 -161987 1050.6578
0.3155 221.63935 -564.5182 146364.22 -143842 18655.7 -162498 1051.6876
0.316 224.00724 -681.79808 146314.83 -143715 18855 -162570 1053.4063
0.3165 221.74937 -348.34513 146299.44 -143646 18665 -162311 1055.0316
0.317 225.63678 -562.18062 146366.06 -143523 18992.2 -162515 1056.546
0.3175 220.79666 -585.64215 146533.02 -143480 18584.8 -162065 1058.4151
0.318 223.94364 -633.94561 146799.86 -143581 18849.7 -162431 1060.1213
0.3185 218.79927 -712.83695 147063.41 -143555 18416.7 -161971 1062.3182
0.319 219.82868 -728.2834 147238.88 -143504 18503.3 -162008 1064.612
0.3195 221.74347 -865.28251 147362.08 -143406 18664.5 -162071 1066.53
0.32 214.64137 -913.54552 147426.12 -143358 18066.7 -161425 1069.4017
0.3205 218.34704 -542.823 147388.36 -143425 18378.6 -161803 1069.5344
0.321 221.59362 -786.75263 147353.51 -143505 18651.9 -162156 1070.325
0.3215 220.4252 -632.65642 147286.04 -143600 18553.5 -162153 1070.5793
0.322 221.5989 -1022.0229 147192.53 -143577 18652.3 -162229 1071.7548
0.3225 218.79078 -637.50163 146981.56 -143391 18416 -161807 1071.8283
0.323 223.63162 -713.46393 146856.45 -143481 18823.4 -162305 1074.018
0.3235 220.26903 -532.70398 146737.86 -143619 18540.4 -162160 1074.3827
0.324 220.35071 -661.3923 146684.22 -143564 18547.3 -162112 1074.9846
0.3245 225.77798 -660.24447 146696.16 -143541 19004.1 -162545 1075.8121
0.325 222.82053 -424.62291 146716.92 -143472 18755.2 -162227 1077.4188
0.3255 219.73753 -560.1636 146802.39 -143488 18495.7 -161983 1078.1763
0.326 222.8191 -835.74727 146886.34 -143520 18755 -162275 1078.946
0.3265 222.71331 -467.39118 146924.78 -143510 18746.1 -162256 1079.9433
0.327 219.87123 -725.01757 147017.92 -143540 18506.9 -162047 1080.7612
0.3275 221.36003 -866.43375 147150.67 -143584 18632.2 -162216 1080.7915
0.328 220.86599 -814.94243 147284.84 -143530 18590.6 -162120 1082.2564
0.3285 222.2302 -793.49914 147369.95 -143507 18705.5 -162212 1084.2742
0.329 222.65779 -725.49958 147415.14 -143436 18741.5 -162177 1086.4778
0.3295 221.63433 -741.68958 147484.72 -143451 18655.3 -162106 1087.3439
0.33 216.32191 -1032.2724 147532.76 -143493 18208.2 -161701 1088.8858
0.3305 218.40221 -1013.325 147525.84 -143477 18383.3 -161861 1089.5657
0.331 218.78897 -786.45175 147463.75 -143417 18415.8 -161833 1090.1081
0.3315 221.64658 -842.76917 147337.27 -143306 18656.3 -161962 1092.9517
0.332 221.5803 -549.76547 147172.2 -143434 18650.8 -162085 1093.411
0.3325 218.24988 -588.62108 147082.01 -143289 18370.4 -161660 1094.726
0.333 219.48144 -938.8772 147102.44 -143298 18474.1 -161772 1097.7601
0.3335 218.70649 -509.1601 147102.2 -143281 18408.9 -161690 1099.1763
0.334 225.32291 -600.82242 147105.25 -143218 18965.8 -162183 1099.5743
0.3345 224.67753 -511.97057 147111.16 -143124 18911.5 -162035 1100.4351
0.335 222.32462 -512.11556 147129.82 -142992 18713.4 -161705 1102.5163
0.3355 224.54345 -561.91631 147193.54 -142839 18900.2 -161739 1103.5269
0.336 221.24068 -812.90818 147260 -142892 18622.2 -161514 1106.0558
0.3365 221.96687 -575.51389 147313.38 -142917 18683.3 -161600 1108.8545
0.337 223.7676 -1019.379 147402.02 -142899 18834.9 -161734 1111.3437
0.3375 220.91073 -656.78252 147456.4 -143047 18594.4 -161642 1112.9559
0.338 222.31238 -556.46786 147446.11 -143070 18712.4 -161783 1114.6505
0.3385 219.6178 -737.80176 147400.94 -143247 18485.6 -161732 1113.9521
0.339 222.38824 -834.68493 147359.11 -143253 18718.8 -161972 1115.6872
0.3395 219.36341 -704.05097 147320.29 -143180 18464.2 -161644 1117.6303
0.34 220.18513 -811.28821 147283.4 -143200 18533.3 -161734 1118.6058
0.3405 219.90899 -934.22364 147218.55 -143318 18510.1 -161829 1120.3212
0.341 218.82879 -845.26786 147078.7 -143302 18419.2 -161721 1122.9614
0.3415 224.31605 -531.41113 146926.61 -143434 18881 -162315 1123.7697
0.342 222.09189 -626.57236 146837.65 -143500 18693.8 -162194 1125.9607
0.3425 214.70046 -640.84757 146734.49 -143704 18071.7 -161775 1126.1742
0.343 220.06163 -431.64587 146597.68 -143776 18522.9 -162299 1127.4387
0.3435 220.9508 -583.22184 146495.29 -143671 18597.8 -162268 1129.2988
0.344 220.99576 -500.8091 146439.37 -143785 18601.6 -162387 1132.0472
0.3445 222.79998 -744.38485 146452.81 -143813 18753.4 -162567 1134.1413
0.345 219.59649 -546.4504 146455.08 -143843 18483.8 -162327 1135.9193
0.3455 219.14053 -687.38798 146452.51 -143673 18445.4 -162118 1137.2711
0.346 220.33448 -533.19023 146457.12 -143625 18545.9 -162171 1138.5071
0.3465 219.36928 -787.34215 146470.23 -143637 18464.7 -162101 1140.5529
0.347 222.46509 -561.31899 146418.77 -143677 18725.2 -162402 1141.0346
0.3475 222.42411 -669.77677 146395.31 -143890 18721.8 -162612 1142.1785
0.348 216.89858 -542.16711 146372.99 -143844 18256.7 -162101 1144.1245
0.3485 223.6816 -256.47891 146372.09 -143910 18827.6 -162738 1146.0094
0.349 217.59561 -557.6117 146431.31 -143887 18315.4 -162203 1146.7458
0.3495 217.59832 -540.30113 146505.59 -144041 18315.6 -162357 1148.8052
0.35 219.18836 -816.68949 146613.36 -144000 18449.4 -162450 1149.7294
0.3505 217.79013 -427.15627 146710.01 -144024 18331.7 -162355 1151.0343
0.351 220.29255 -622.70677 146905.73 -144009 18542.4 -162552 1153.1146
0.3515 218.96642 -881.01136 147150.24 -143953 18430.7 -162384 1153.4638
0.352 213.43188 -964.38956 147344.36 -143901 17964.9 -161866 1155.84
0.3525 218.77818 -816.53801 147458.21 -143864 18414.9 -162279 1158.3833
0.353 215.34883 -674.02266 147503.7 -143663 18126.2 -161790 1159.9278
0.3535 218.64006 -731.96107 147527.87 -143700 18403.3 -162103 1162.9994
0.354 219.2551 -1111.4419 147490.94 -143624 18455 -162079 1164.1453
0.3545 221.65393 -812.71621 147329.64 -143800 18657 -162457 1164.9204
0.355 219.31188 -869.94143 147126.17 -143722 18459.8 -162182 1165.5811
0.3555 220.04441 -470.13611 146917.16 -143719 18521.5 -162240 1166.2391
0.356 217.17273 -957.20769 146748.91 -143577 18279.8 -161856 1167.2405
0.3565 222.52249 -450.41608 146555.71 -143652 18730.1 -162382 1168.2592
0.357 224.0492 -322.26022 146461.94 -143652 18858.6 -162511 1169.9212
0.3575 222.618 -469.29856 146465.45 -143623 18738.1 -162361 1171.1049
0.358 219.43341 -815.00267 146539.09 -143627 18470.1 -162097 1172.7848
0.3585 223.19737 -488.56227 146607.62 -143631 18786.9 -162418 1175.9648
0.359 220.46197 -700.09024 146719.7 -143566 18556.6 -162122 1177.2563
0.3595 220.21721 -514.83067 146890.2 -143624 18536 -162160 1179.7133
0.36 219.61074 -678.04093 147107.13 -143629 18485 -162114 1182.08
0.3605 220.51214 -783.31002 147236.41 -143690 18560.9 -162250 1185.4208
0.361 219.06817 -710.48799 147320.48 -143596 18439.3 -162036 1186.187
0.3615 216.15444 -894.80086 147367.12 -143706 18194.1 -161900 1185.8473
0.362 216.13477 -719.37783 147332.36 -143691 18192.4 -161883 1186.5473
0.3625 221.3822 -928.01575 147276.41 -143721 18634.1 -162355 1186.5519
0.363 218.6587 -803.06468 147168.94 -143793 18404.8 -162198 1187.239
0.3635 219.34674 -302.55365 147045.82 -143831 18462.8 -162293 1186.8008
0.364 217.91913 -503.34405 147019.22 -143801 18342.6 -162143 1185.4316
0.3645 221.53789 -773.02747 147008.88 -143565 18647.2 -162212 1185.9079
0.365 219.99393 -844.61326 146941.34 -143510 18517.2 -162028 1187.2273
0.3655 220.07529 -357.26624 146843.48 -143515 18524.1 -162039 1188.1039
0.366 220.64229 -647.76897 146797.6 -143672 18571.8 -162244 1189.7584
0.3665 218.42958 -752.86432 146767.85 -143716 18385.6 -162101 1190.0741
0.367 219.30097 -512.55576 146696.95 -143857 18458.9 -162316 1191.7526
0.3675 218.88962 -483.23435 146618.8 -143827 18424.3 -162251 1193.3972
0.368 223.616 -715.85293 146574.13 -143899 18822.1 -162721 1195.9022
0.3685 221.16204 -482.91693 146590.87 -143850 18615.6 -162465 1197.4519
0.369 224.82897 -408.74077 146638.48 -143748 18924.2 -162672 1198.8011
0.3695 217.29202 -744.3758 146730.06 -143785 18289.8 -162075 1200.3027
0.37 216.80914 -624.59436 146767.74 -143831 18249.2 -162080 1201.5654
0.3705 220.95619 -499.93367 146892.69 -143786 18598.2 -162385 1202.4342
0.371 222.11503 -574.17037 147067.64 -143637 18695.8 -162333 1204.4568
0.3715 220.92668 -586.19922 147255.72 -143607 18595.7 -162202 1206.2268
0.372 215.14356 -1226.7382 147437.46 -143593 18109 -161702 1208.9134
0.3725 222.73319 -643.25194 147476.39 -143647 18747.8 -162395 1210.3563
0.373 217.67921 -763.03097 147482.6 -143715 18322.4 -162038 1210.7734
0.3735 217.45386 -713.87324 147408.04 -143611 18303.4 -161914 1210.4407
0.374 218.67427 -777.88967 147264.76 -143500 18406.2 -161907 1211.047
0.3745 221.21452 -721.20963 147033.53 -143439 18620 -162059 1211.9315
0.375 220.4875 -491.89975 146742.47 -143402 18558.8 -161961 1212.4032
0.3755 217.98204 -879.826 146470.05 -143604 18347.9 -161952 1212.3617
0.376 221.95316 -676.6504 146250.83 -143694 18682.1 -162376 1212.8527
0.3765 222.86716 -676.43005 146155.18 -143683 18759.1 -162442 1212.2297
0.377 220.02722 -870.15507 146148.06 -143657 18520 -162178 1213.8514
0.3775 218.78674 -275.77711 146189.63 -143676 18415.6 -162092 1214.6895
0.378 227.65704 -452.01643 146328.67 -143546 19162.2 -162708 1214.8685
0.3785 219.46283 -623.99925 146530.33 -143553 18472.5 -162025 1217.1687
0.379 218.72524 -647.0236 146762.22 -143718 18410.4 -162128 1220.6024
0.3795 216.25205 -722.95009 146930.96 -143752 18202.3 -161954 1223.49
0.38 221.72343 -607.05507 147041.37 -143745 18662.8 -162408 1225.182
0.3805 218.18281 -685.4636 147122.21 -143759 18364.8 -162124 1225.9965
0.381 219.95197 -665.75775 147179.3 -143846 18513.7 -162360 1227.9976
0.3815 217.92015 -254.01166 147164.76 -143775 18342.7 -162118 1228.9611
0.382 217.31782 -336.61969 147223.6 -143698 18292 -161990 1230.078
0.3825 218.17665 -829.95456 147357.31 -143769 18364.3 -162133 1232.6112
0.383 220.394 -661.65811 147437.93 -143744 18550.9 -162294 1235.0043
0.3835 219.92134 -666.93948 147427.05 -143589 18511.1 -162100 1235.5994
0.384 220.71965 -735.48605 147328.03 -143512 18578.3 -162090 1238.5229
0.3845 222.29929 -701.54528 147176.61 -143544 18711.3 -162255 1239.6922
0.385 218.99491 -731.74892 147011.84 -143577 18433.1 -162010 1240.9836
0.3855 219.22823 -797.59494 146832.71 -143614 18452.8 -162067 1241.7265
0.386 217.67882 -599.86383 146645.87 -143544 18322.4 -161867 1241.1465
0.3865 225.09207 -597.06544 146516.12 -143667 18946.4 -162613 1242.6499
0.387 217.24708 -694.8274 146408.13 -143666 18286 -161952 1245.4171
0.3875 219.17288 -473.57256 146302.75 -143671 18448.1 -162119 1246.6272
0.388 220.49274 -698.0355 146239.87 -143846 18559.2 -162405 1246.6843
0.3885 220.74817 -374.08181 146237.21 -143807 18580.7 -162388 1247.8471
0.389 219.66953 -717.74839 146355.67 -143893 18489.9 -162383 1249.0522
0.3895 218.20553 -539.02031 146568.87 -143924 18366.7 -162291 1252.3272
0.39 218.42943 -824.15858 146808.19 -143939 18385.5 -162324 1254.8811
0.3905 219.3618 -890.12375 146982.31 -143913 18464 -162377 1256.266
0.391 214.73251 -722.12624 147060.26 -143966 18074.4 -162040 1257.369
0.3915 216.60821 -976.28028 147030.58 -143999 18232.3 -162231 1259.1277
0.392 214.73916 -547.41993 146946.5 -143971 18074.9 -162046 1260.1263
0.3925 218.22869 -444.45514 146890.58 -143992 18368.7 -162360 1262.8934
0.393 219.83272 -679.85831 146805.53 -143808 18503.7 -162312 1265.1108
0.3935 220.42598 -468.39133 146675.3 -143821 18553.6 -162374 1265.2368
0.394 218.83771 -693.51343 146536.65 -143929 18419.9 -162349 1265.9312
0.3945 215.66897 -402.76611 146474.23 -144072 18153.2 -162225 1267.4298
0.395 217.00677 -537.46791 146443.37 -144090 18265.8 -162355 1270.0137
0.3955 219.99262 -597.98395 146481.74 -144168 18517.1 -162685 1272.3269
0.396 215.33718 -294.59453 146602.83 -144278 18125.3 -162404 1273.2338
0.3965 216.13739 -796.31334 146767.06 -144205 18192.6 -162397 1275.4545
0.397 218.24117 -849.0112 146817.38 -144288 18369.7 -162657 1276.6543
0.3975 219.45056 -806.9679 146826.04 -144155 18471.5 -162626 1278.1414
0.398 216.36882 -603.51269 146810.27 -144207 18212.1 -162419 1280.2799
0.3985 218.29969 -525.0216 146782.31 -144256 18374.6 -162631 1280.9389
0.399 215.19704 -863.3861 146742.82 -144196 18113.5 -162310 1282.7941
0.3995 218.20939 -330.41148 146565.67 -144237 18367 -162604 1282.6082
0.4 215.43694 -512.42605 146438.45 -144269 18133.7 -162403 1281.641
0.4005 217.34521 -551.83328 146398.35 -144188 18294.3 -162482 1283.6986
0.401 216.37263 -638.65536 146405.61 -144007 18212.4 -162219 1286.2727
0.4015 217.27058 -208.18274 146437.18 -144065 18288 -162353 1286.2657
0.402 221.28444 -831.03362 146529.4 -144104 18625.9 -162730 1289.2422
0.4025 216.31266 -847.99592 146569.61 -144054 18207.4 -162261 1290.6305
0.403 218.66928 -586.78375 146534.31 -144047 18405.7 -162452 1293.1216
0.4035 217.35785 -702.09729 146533.48 -143937 18295.4 -162232 1295.7603
0.404 217.69917 -358.83669 146562.56 -144021 18324.1 -162345 1296.4714
0.4045 216.91833 -353.43053 146618.98 -144036 18258.4 -162294 1297.5696
0.405 220.43006 -820.21864 146684.2 -143926 18553.9 -162480 1298.8874
0.4055 215.79821 -927.943 146709.13 -144084 18164.1 -162248 1300.9509
0.406 212.7423 -667.38799 146633.95 -144151 17906.9 -162058 1302.4196
0.4065 217.61635 -533.63111 146524.13 -144013 18317.1 -162330 1303.939
0.407 218.88993 -841.42381 146497.49 -144006 18424.3 -162431 1306.0508
0.4075 219.03838 -950.27817 146513.7 -144045 18436.8 -162482 1307.8567
0.408 216.15011 -212.48737 146482.08 -144221 18193.7 -162415 1309.5333
0.4085 220.21247 -423.74417 146515.88 -144226 18535.6 -162762 1311.07
0.409 221.6467 -494.90288 146592.47 -144160 18656.3 -162817 1311.0604
0.4095 216.57303 -646.03864 146695.16 -144041 18229.3 -162271 1310.8
0.41 215.16861 -614.32686 146771.95 -144029 18111.1 -162140 1311.8966
0.4105 218.83808 -533.61652 146845.14 -144035 18419.9 -162455 1313.3661
0.411 216.949 -864.88739 146890.19 -144034 18260.9 -162295 1314.8905
0.4115 217.92474 -752.56829 146861.34 -144150 18343.1 -162493 1315.1452
0.412 215.52782 -572.70129 146829.46 -144069 18141.3 -162211 1317.6825
0.4125 222.30265 -807.73488 146837.8 -143908 18711.6 -162620 1320.0707
0.413 220.49792 -816.861 146869.56 -143948 18559.7 -162508 1322.1831
0.4135 217.14244 -731.94173 146845.95 -143972 18277.2 -162249 1322.9278
0.414 218.35849 -626.95565 146770.1 -143907 18379.6 -162287 1324.9371
0.4145 215.82228 -261.43958 146704.37 -143827 18166.1 -161993 1326.5626
0.415 220.27122 -670.40942 146684.44 -143901 18540.6 -162442 1327.9235
0.4155 217.47599 -372.88542 146663.3 -143875 18305.3 -162180 1329.051
0.416 218.3887 -815.68064 146664.54 -143889 18382.1 -162271 1330.6766
0.4165 219.40485 -555.30564 146625.12 -143860 18467.6 -162328 1332.0349
0.417 219.33252 -514.78772 146570.77 -143873 18461.6 -162334 1333.449
0.4175 220.53443 -715.97332 146574.02 -143818 18562.7 -162381 1335.4774
0.418 217.11247 -697.91985 146608.62 -143921 18274.7 -162195 1335.6246
0.4185 221.03613 -832.81392 146531.74 -143897 18605 -162502 1338.7739
0.419 220.62866 -703.28841 146398.68 -143750 18570.7 -162321 1341.0955
0.4195 222.15197 -120.95513 146341.32 -143741 18698.9 -162440 1340.8738
0.42 222.06003 -676.3179 146437.4 -143854 18691.1 -162545 1340.4809
0.4205 217.55492 -313.11728 146564.42 -143775 18311.9 -162087 1341.7811
0.421 219.4134 -704.97975 146755.91 -143813 18468.4 -162281 1344.4226
0.4215 220.41887 -543.44568 146933.2 -143963 18553 -162516 1346.3348
0.422 218.29584 -443.99366 147120.78 -143964 18374.3 -162339 1349.2344
0.4225 215.36168 -910.37948 147326.67 -143952 18127.3 -162080 1352.6281
0.423 215.03201 -807.84137 147436.67 -144128 18099.6 -162227 1355.0285
0.4235 214.7375 -426.89233 147460.6 -144151 18074.8 -162226 1355.1328
0.424 214.8207 -383.49737 147461.19 -144181 18081.8 -162263 1356.6481
0.4245 215.61243 -839.59133 147458.05 -144243 18148.4 -162392 1358.7314
0.425 218.61666 -634.11508 147378.59 -144203 18401.3 -162604 1360.4446
0.4255 214.55022 -585.73651 147302.18 -144194 18059 -162253 1361.0986
0.426 215.83115 -923.06788 147159.39 -144306 18166.8 -162473 1361.3384
0.4265 217.73406 -469.64141 146969.82 -144281 18327 -162608 1362.5216
0.427 214.33809 -508.98865 146770.64 -144391 18041.2 -162432 1362.8344
0.4275 217.5595 -905.39144 146524.44 -144374 18312.3 -162686 1362.7931
0.428 218.69993 -681.42302 146246.87 -144310 18408.3 -162718 1362.7807
0.4285 215.4496 -331.19288 146032.87 -144247 18134.7 -162381 1362.7222
0.429 213.48128 -604.97 145985.94 -144177 17969.1 -162146 1362.3713
0.4295 219.81809 -428.79901 146022.68 -144059 18502.4 -162562 1365.6804
0.43 217.67942 -713.48993 146154.76 -144084 18322.4 -162406 1369.1534
0.4305 217.94403 -909.44517 146258.73 -144096 18344.7 -162441 1371.4383
0.431 213.41238 -583.47892 146263.68 -144134 17963.3 -162097 1372.5491
0.4315 216.79134 -273.18335 146244.99 -144113 18247.7 -162361 1374.5468
0.432 216.17805 -334.23308 146345.93 -144126 18196 -162322 1377.4349
0.4325 219.59833 -471.04716 146532.62 -144185 18483.9 -162669 1378.4864
0.433 216.63859 -418.71154 146783.75 -144150 18234.8 -162384 1379.5291
0.4335 218.09401 -658.41207 147065.15 -144187 18357.3 -162545 1381.412
0.434 219.25839 -827.41522 147311.24 -144139 18455.3 -162595 1383.0234
0.4345 216.78652 -914.11584 147429.74 -144140 18247.3 -162387 1385.0907
0.435 217.67001 -736.63725 147397.23 -144067 18321.6 -162389 1386.6827
0.4355 217.59003 -681.66021 147245.22 -144046 18314.9 -162360 1388.1604
0.436 214.53406 -543.45075 147102.92 -144000 18057.7 -162058 1388.7246
0.4365 221.68641 -627.64036 146967.77 -143953 18659.7 -162613 1390.2895
0.437 217.28031 -591.87429 146872.65 -143721 18288.8 -162010 1391.3032
0.4375 217.05768 -870.21984 146843.04 -143782 18270.1 -162052 1394.0258
0.438 219.8086 -646.11907 146852.58 -143839 18501.6 -162340 1395.5121
0.4385 219.72977 -493.33471 146937.59 -143761 18495 -162256 1395.2464
0.439 217.69072 -828.02103 147047.46 -143791 18323.4 -162115 1396.8708
0.4395 220.7894 -691.19515 147107.21 -143940 18584.2 -162525 1398.2079
0.44 215.38908 -1001.0265 147092.09 -143926 18129.6 -162056 1399.6028
0.4405 221.00024 -648.98065 147028.2 -143881 18601.9 -162482 1400.4298
0.441 217.07175 -811.99971 146961.97 -143836 18271.3 -162107 1402.7308
0.4415 221.68122 -520.84393 146869.49 -143876 18659.3 -162535 1402.6051
0.442 217.56326 -853.41229 146869.84 -144020 18312.6 -162333 1403.5106
0.4425 219.16784 -952.40009 146866.79 -143933 18447.7 -162381 1404.6618
0.443 219.68495 -764.40037 146810.49 -143944 18491.2 -162435 1405.9649
0.4435 218.96368 -708.25979 146768.21 -143847 18430.5 -162278 1407.4972
0.444 218.21741 -536.78602 146741.78 -143928 18367.7 -162296 1407.6629
0.4445 215.8261 -699.27695 146723.15 -143795 18166.4 -161961 1407.4332
0.445 220.95565 -876.74355 146658.32 -143767 18598.2 -162365 1408.5782
0.4455 223.07773 -581.07394 146530.86 -143615 18776.8 -162392 1410.3326
0.446 222.87223 -620.16254 146439.65 -143613 18759.5 -162373 1411.306
0.4465 219.36156 -895.37327 146363.89 -143569 18464 -162033 1411.8548
0.447 218.61753 -534.2305 146270.09 -143687 18401.4 -162089 1411.9042
0.4475 220.08999 -718.32385 146235.7 -143613 18525.3 -162138 1414.3463
0.448 218.45549 -672.4702 146250.63 -143471 18387.7 -161859 1416.0058
0.4485 219.54509 -287.45599 146332.79 -143488 18479.5 -161967 1415.6385
0.449 221.29311 -671.66905 146536.04 -143430 18626.6 -162056 1417.3257
0.4495 220.11063 -822.66354 146783.69 -143356 18527.1 -161883 1420.5719
0.45 220.643 -577.69742 146965.9 -143680 18571.9 -162252 1424.579
0.4505 219.03512 -554.08227 147173.36 -143657 18436.5 -162093 1425.615
0.451 218.4308 -750.5727 147355.68 -143717 18385.7 -162102 1426.5543
0.4515 217.83142 -775.34107 147541.97 -143796 18335.2 -162131 1431.1627
0.452 216.40673 -998.7803 147677.92 -143756 18215.3 -161971 1433.4068
0.4525 217.39538 -784.74395 147678.31 -143782 18298.5 -162081 1435.0212
0.453 215.9266 -1115.0511 147628.69 -143844 18174.9 -162018 1436.4589
0.4535 218.53305 -927.35346 147457.64 -143937 18394.3 -162331 1438.4373
0.454 214.25088 -653.55122 147179.71 -143958 18033.8 -161992 1438.7011
0.4545 218.4037 -949.71557 146906.38 -143992 18383.4 -162375 1440.0869
0.455 215.55873 -330.92297 146652.59 -143931 18143.9 -162075 1438.3925
0.4555 221.61927 -330.11193 146487.7 -143980 18654 -162634 1437.5738
0.456 216.11222 -590.50111 146414.91 -144076 18190.5 -162267 1436.5584
0.4565 220.66734 -317.23571 146373.88 -144069 18573.9 -162643 1437.4672
0.457 215.85563 -362.49392 146399.98 -144127 18168.9 -162296 1437.3716
0.4575 219.2488 -690.6931 146496.31 -143987 18454.5 -162442 1439.7903
0.458 215.7441 -763.19572 146574.11 -143965 18159.5 -162125 1440.4842
0.4585 218.74977 -750.20539 146615.82 -143920 18412.5 -162332 1441.8391
0.459 218.74283 -886.83228 146662.71 -143926 18411.9 -162338 1442.0761
0.4595 216.64075 -541.03841 146648.08 -143979 18235 -162214 1442.2008
0.46 216.84262 -244.95152 146624.01 -143993 18252 -162245 1443.8356
0.4605 219.79405 -811.47418 146686.82 -144023 18500.4 -162524 1445.5793
0.461 218.73142 -563.98961 146716.17 -143965 18411 -162376 1447.0094
0.4615 220.52921 -682.83675 146719.41 -143911 18562.3 -162473 1447.9277
0.462 214.77521 -642.77095 146685.2 -144109 18078 -162187 1449.1155
0.4625 219.51914 -806.96858 146618.57 -144174 18477.3 -162651 1450.4563
0.463 220.2735 -874.80465 146498.91 -144170 18540.8 -162711 1450.327
0.4635 219.95077 -214.70792 146381.12 -144086 18513.6 -162599 1451.2511
0.464 220.10479 -391.16467 146324.3 -144054 18526.6 -162581 1453.7569
0.4645 220.44442 -554.59875 146303.72 -144031 18555.2 -162586 1455.3106
0.465 217.25147 -517.2344 146321.83 -144119 18286.4 -162405 1456.8229
0.4655 217.9571 -301.15414 146338.44 -144115 18345.8 -162461 1457.294
0.466 220.56871 -658.32031 146299.95 -144109 18565.6 -162674 1458.4281
0.4665 219.44929 -688.78567 146243.66 -144113 18471.4 -162584 1458.877
0.467 215.69534 -661.40296 146208.17 -143954 18155.4 -162110 1459.8938
0.4675 219.8359 -404.24486 146229.6 -143916 18503.9 -162420 1462.5102
0.468 218.47075 -703.39595 146290.58 -143916 18389 -162305 1465.517
0.4685 221.63708 -540.72474 146343.52 -143906 18655.5 -162561 1465.9525
0.469 218.45229 -599.27939 146400.12 -143849 18387.5 -162236 1467.2727
0.4695 222.36926 -766.77647 146475.96 -143666 18717.2 -162383 1470.1326
0.47 218.22127 -812.07241 146573.33 -143784 18368 -162152 1473.5866
0.4705 220.79636 -842.51234 146634.25 -143612 18584.8 -162197 1475.3988
0.471 222.651 -634.58971 146628.93 -143628 18740.9 -162369 1477.9592
0.4715 218.31254 -496.76216 146572.96 -143537 18375.7 -161913 1480.1638
0.472 223.91102 -674.25818 146496.22 -143623 18846.9 -162470 1482.6454
0.4725 221.521 -541.29236 146455.31 -143484 18645.8 -162130 1484.8177
0.473 223.38271 -716.94068 146469.83 -143409 18802.5 -162211 1484.9648
0.4735 220.827 -366.44863 146539.49 -143378 18587.4 -161966 1488.66
0.474 221.16708 -360.03567 146657.06 -143327 18616 -161943 1490.1807
0.4745 223.16436 -534.3405 146798.91 -143374 18784.1 -162158 1494.018
0.475 223.19358 -812.72697 146980.59 -143248 18786.6 -162035 1496.7993
0.4755 222.98197 -613.23298 147200.47 -143199 18768.7 -161967 1497.3498
0.476 222.89895 -681.16543 147396.15 -143193 18761.8 -161955 1500.3655
0.4765 222.47027 -1018.3262 147557.68 -143069 18725.7 -161795 1504.1169
0.477 223.44473 -461.49005 147629.53 -143146 18807.7 -161953 1506.1657
0.4775 222.09713 -574.35165 147715.9 -143052 18694.3 -161746 1507.11
0.478 222.04888 -626.92657 147780.43 -143001 18690.2 -161691 1507.0903
0.4785 220.43739 -603.57689 147846.15 -142872 18554.6 -161426 1508.6202
0.479 223.31621 -526.78463 147914.48 -142969 18796.9 -161766 1510.6837
0.4795 220.53906 -1022.2567 147881.64 -142963 18563.1 -161526 1512.2968
0.48 224.25828 -704.84515 147721.37 -143088 18876.2 -161965 1513.674
0.4805 223.95749 -530.59783 147480.31 -143017 18850.9 -161868 1515.0166
0.481 222.84362 -561.88773 147273.7 -143089 18757.1 -161846 1517.443
0.4815 221.49431 -897.43658 147063.58 -143143 18643.5 -161786 1518.6746
0.482 217.57154 -213.18693 146768.36 -143172 18313.3 -161485 1517.5392
0.4825 223.69204 -441.04492 146549.49 -143183 18828.5 -162012 1518.245
0.483 225.78538 -617.91374 146439.25 -143069 19004.7 -162074 1519.6806
0.4835 223.00757 -593.35673 146360.49 -143083 18770.9 -161854 1522.8564
0.484 224.50049 -424.08831 146337.31 -143110 18896.6 -162006 1524.4165
0.4845 222.61467 -251.01733 146403.45 -143238 18737.8 -161976 1528.2927
0.485 223.20987 -303.59259 146630.25 -143447 18787.9 -162234 1531.8671
0.4855 220.86207 -814.27374 146917.21 -143477 18590.3 -162067 1533.1069
0.486 220.15442 -765.22724 147128.89 -143453 18530.7 -161983 1533.6281
0.4865 218.43249 -736.8534 147306.06 -143378 18385.8 -161764 1535.1317
0.487 220.14653 -840.88447 147439.45 -143400 18530.1 -161930 1536.721
0.4875 221.73064 -873.70637 147478.18 -143255 18663.4 -161918 1539.791
0.488 221.09539 -387.399 147488.54 -143150 18609.9 -161760 1541.9138
0.4885 221.92454 -976.72085 147602.98 -143113 18679.7 -161793 1544.2425
0.489 219.81951 -824.5481 147681.12 -143165 18502.6 -161668 1547.2191
0.4895 223.06992 -791.28245 147693.53 -143032 18776.1 -161808 1549.9867
0.49 221.95399 -316.52481 147694.12 -143031 18682.2 -161713 1551.768
0.4905 227.8783 -590.73156 147664.57 -143059 19180.9 -162240 1553.6366
0.491 220.60439 -720.24687 147632.33 -143123 18568.6 -161691 1554.1903
0.4915 220.56213 -577.69669 147576.11 -143139 18565.1 -161704 1556.2469
0.492 221.8877 -935.12411 147499.27 -143177 18676.6 -161854 1557.44
0.4925 222.76589 -492.38615 147348.32 -143145 18750.6 -161896 1558.4487
0.493 220.00892 -816.2876 147205.3 -143173 18518.5 -161692 1561.5696
0.4935 226.05025 -717.87855 147026.71 -143187 19027 -162214 1564.0783
0.494 223.90868 -515.98073 146897.11 -143258 18846.7 -162105 1565.3055
0.4945 222.58894 -396.84937 146832.36 -143232 18735.7 -161968 1567.1281
0.495 222.90649 -123.94912 146901.93 -143290 18762.4 -162052 1569.3
0.4955 217.6411 -240.6935 147048.12 -143304 18319.2 -161624 1571.4258
0.496 222.90958 -717.5793 147217.14 -143290 18762.6 -162052 1575.2044
0.4965 220.35049 -834.81412 147343.06 -143249 18547.2 -161796 1577.9183
0.497 222.86387 -644.33125 147434.45 -143225 18758.8 -161984 1578.6518
0.4975 219.85283 -797.79698 147501.38 -143143 18505.4 -161648 1579.4367
0.498 221.23891 -459.85908 147486.99 -143285 18622 -161907 1581.8419
0.4985 225.61741 -354.33825 147455.68 -143344 18990.6 -162335 1582.2177
0.499 217.17311 -448.28798 147448.7 -143278 18279.8 -161558 1585.2534
0.4995 221.16477 -856.06081 147455.89 -143178 18615.8 -161793 1588.4616
