0.245	239.939	0.0903768
0.74	239.815	0.0908189
1.24	239.69	0.0895725
1.74	239.565	0.090384
2.24	239.44	0.089529
2.74	239.315	0.0916884
3.24	239.19	0.0912826
3.74	239.065	0.0894638
4.24	238.94	0.0903478
4.74	238.815	0.088029
5.24	238.69	0.0910145
5.74	238.565	0.0933913
6.24	238.44	0.0900579
6.74	238.315	0.0917536
7.24	238.19	0.0946232
7.74	238.065	0.0914928
8.24	237.94	0.0936015
8.74	237.815	0.0900725
9.24	237.69	0.0910435
9.74	237.565	0.0928551
10.24	237.44	0.0920362
10.74	237.315	0.0931667
11.24	237.19	0.0928188
11.74	237.065	0.0918913
12.24	236.94	0.0934348
12.74	236.815	0.0926014
13.24	236.69	0.092913
13.74	236.565	0.0917898
14.24	236.44	0.0942174
14.74	236.315	0.093558
15.24	236.19	0.0940942
15.74	236.065	0.0954203
16.24	235.94	0.0941667
16.74	235.815	0.0915652
17.24	235.69	0.0946449
17.74	235.565	0.0958116
18.24	235.44	0.0943913
18.74	235.315	0.0949783
19.24	235.19	0.0951739
19.74	235.065	0.0949203
20.24	234.94	0.0929058
20.74	234.815	0.095587
21.24	234.69	0.0968189
21.74	234.565	0.0950362
22.24	234.44	0.100174
22.74	234.315	0.0954855
23.24	234.19	0.0955
23.74	234.065	0.101275
24.24	233.94	0.0977319
24.74	233.815	0.0966667
25.24	233.69	0.0976957
25.74	233.565	0.0989204
26.24	233.44	0.0960435
26.74	233.315	0.0973768
27.24	233.19	0.101659
27.74	233.065	0.10013
28.24	232.94	0.0985218
28.74	232.815	0.0986812
29.24	232.69	0.098645
29.74	232.565	0.0977174
30.24	232.44	0.0973261
30.74	232.315	0.0966377
31.24	232.19	0.0996087
31.74	232.065	0.102783
32.24	231.94	0.0990652
32.74	231.815	0.102754
33.24	231.69	0.0976594
33.74	231.565	0.102478
34.24	231.44	0.1015
34.74	231.315	0.0985942
35.24	231.19	0.100877
35.74	231.065	0.106341
36.24	230.94	0.101609
36.74	230.815	0.106319
37.24	230.69	0.100638
37.74	230.565	0.101652
38.24	230.44	0.101681
38.74	230.315	0.106696
39.24	230.19	0.104688
39.74	230.065	0.102746
40.24	229.94	0.117609
40.74	229.815	0.118761
41.24	229.69	0.125543
41.74	229.565	0.204
42.24	229.44	0.490797
42.74	229.315	0.527377
43.24	229.19	0.533551
43.74	229.065	0.536348
44.24	228.94	0.535602
44.74	228.815	0.538297
45.24	228.69	0.539659
45.74	228.565	0.541116
46.24	228.44	0.541159
46.74	228.315	0.539138
47.24	228.19	0.539471
47.74	228.065	0.542558
48.24	227.94	0.542493
48.74	227.815	0.545167
49.24	227.69	0.54692
49.74	227.565	0.544167
50.24	227.44	0.546254
50.74	227.315	0.544029
51.24	227.19	0.545413
51.74	227.065	0.545609
52.24	226.94	0.546188
52.74	226.815	0.546232
53.24	226.69	0.548848
53.74	226.565	0.551268
54.24	226.44	0.550152
54.74	226.315	0.551377
55.24	226.19	0.549261
55.74	226.065	0.551442
56.24	225.94	0.553594
56.74	225.815	0.558022
57.24	225.69	0.56892
57.74	225.565	0.569688
58.24	225.44	0.567899
58.74	225.315	0.568667
59.24	225.19	0.568522
59.74	225.065	0.567783
60.24	224.94	0.570522
60.74	224.815	0.568138
61.24	224.69	0.567399
61.74	224.565	0.569087
62.24	224.44	0.570116
62.74	224.315	0.570696
63.24	224.19	0.569326
63.74	224.065	0.568978
64.24	223.94	0.56808
64.74	223.815	0.568739
65.24	223.69	0.570514
65.74	223.565	0.572457
66.24	223.44	0.569297
66.74	223.315	0.571217
67.24	223.19	0.572297
67.74	223.065	0.573616
68.24	222.94	0.571812
68.74	222.815	0.572225
69.24	222.69	0.572196
69.74	222.565	0.570616
70.24	222.44	0.571312
70.74	222.315	0.572442
71.24	222.19	0.573674
71.74	222.065	0.570927
72.24	221.94	0.57208
72.74	221.815	0.573602
73.24	221.69	0.572841
73.74	221.565	0.572862
74.24	221.44	0.572638
74.74	221.315	0.574891
75.24	221.19	0.575638
75.74	221.065	0.575978
76.24	220.94	0.575623
76.74	220.815	0.575485
77.24	220.69	0.57742
77.74	220.565	0.574746
78.24	220.44	0.577638
78.74	220.315	0.578543
79.24	220.19	0.576464
79.74	220.065	0.579529
