0.0005 146.02684 -1469.2911 143997.87 -148105 11998.1 -160103 0.61880496
0.001 153.24616 -1430.1318 143210.92 -147401 12591.3 -159993 1.0952799
0.0015 156.4116 -896.57662 142100 -146690 12851.3 -159541 1.5647106
0.002 159.63118 -197.90689 141261.88 -146287 13115.9 -159403 2.0371354
0.0025 164.00827 -753.86681 140727.53 -145662 13475.5 -159138 2.6960895
0.003 166.03393 -426.26453 140265.54 -144901 13641.9 -158543 3.3026624
0.0035 166.76042 -54.023807 139909.54 -144487 13701.6 -158189 3.8106802
0.004 166.88583 -404.52042 139614.32 -143993 13711.9 -157705 4.3519588
0.0045 170.49944 -433.74901 139281.53 -143331 14008.9 -157340 5.0359468
0.005 170.19716 -473.49068 138941.31 -142932 13984 -156916 5.7309968
0.0055 173.87084 -179.8402 138655.06 -142503 14285.9 -156789 6.331486
0.006 179.46744 -218.08936 138385.63 -142064 14745.7 -156809 7.0806671
0.0065 175.50231 -71.966176 138169.98 -141560 14419.9 -155980 7.7510388
0.007 177.22472 -488.28603 138002.7 -141108 14561.4 -155670 8.4406156
0.0075 179.26156 -229.71213 137831.93 -140715 14728.8 -155443 9.1322668
0.008 184.92676 -379.09492 137666.06 -140251 15194.3 -155445 9.9582648
0.0085 186.45987 -242.71187 137521.66 -139751 15320.2 -155071 10.807194
0.009 187.2306 -38.841775 137399.77 -139305 15383.5 -154688 11.75168
0.0095 194.04547 -120.6619 137335.04 -138935 15943.5 -154878 12.760386
0.01 190.64837 -308.15233 137337.28 -138566 15664.4 -154230 13.66605
0.0105 190.12813 87.884063 137357.19 -138248 15621.6 -153869 14.626272
0.011 190.6063 -100.85656 137396.14 -137984 15660.9 -153645 15.571455
0.0115 194.32489 -188.90286 137431.83 -137669 15966.4 -153635 16.537316
0.012 197.62701 -223.65947 137542.11 -137430 16237.8 -153668 17.547285
0.0125 196.56688 -199.24315 137703.16 -137145 16150.6 -153295 18.606693
0.013 197.65466 -371.70778 137889.02 -136903 16240 -153143 19.714705
0.0135 201.14021 104.45248 138038.18 -136665 16526.4 -153191 20.769429
0.014 200.86465 -256.43673 138193.73 -136310 16503.8 -152814 22.021293
0.0145 201.32369 -207.83313 138355.79 -135999 16541.5 -152540 23.133
0.015 202.37403 107.33975 138528.5 -135791 16627.8 -152419 24.07892
0.0155 202.58445 -117.21683 138754.53 -135567 16645.1 -152212 25.241169
0.016 199.23544 -324.76338 138955.74 -135290 16369.9 -151659 26.60411
0.0165 202.79295 -641.16102 139045.74 -135081 16662.2 -151743 28.046468
0.017 206.26187 -198.2379 139058.56 -134775 16947.2 -151722 29.474617
0.0175 207.2914 -499.69833 139045.77 -134602 17031.8 -151634 30.579509
0.018 208.50269 -228.63982 139043.76 -134328 17131.3 -151459 31.93469
0.0185 208.92729 -6.2241735 139045.99 -134055 17166.2 -151221 33.413077
0.019 208.06727 93.264894 139036.17 -133777 17095.6 -150872 34.810652
0.0195 213.12986 5.3943229 139081.25 -133565 17511.5 -151077 36.115756
0.02 215.55834 -136.53079 139167.25 -133301 17711.1 -151012 37.55214
0.0205 216.40241 25.98888 139283.46 -133248 17780.4 -151028 39.055649
0.021 212.42998 -123.65074 139394.78 -133133 17454 -150587 40.87547
0.0215 213.13684 78.048084 139476.27 -132949 17512.1 -150461 42.396615
0.022 218.89625 202.75581 139537.51 -132730 17985.3 -150715 43.696551
0.0225 214.13476 -217.408 139556.6 -132598 17594.1 -150192 44.816392
0.023 220.16873 -160.20036 139524.92 -132304 18089.9 -150394 46.273239
0.0235 220.91227 -187.90377 139539.33 -132034 18151 -150185 48.096251
0.024 222.83057 -70.515949 139534.95 -131926 18308.6 -150234 49.719291
0.0245 223.02868 57.747201 139578.8 -131772 18324.8 -150097 51.163881
0.025 222.2317 217.19142 139678.58 -131516 18259.4 -149775 52.966814
0.0255 220.65386 -145.63275 139794.13 -131399 18129.7 -149529 54.511486
0.026 222.98383 -190.24073 139918.03 -131334 18321.2 -149655 56.399295
0.0265 223.34936 -1.1725258 140060.89 -131061 18351.2 -149412 58.054205
0.027 224.76576 -102.09801 140168.43 -130946 18467.6 -149414 60.045507
0.0275 225.14533 202.07201 140229.78 -130972 18498.8 -149470 61.886728
0.028 225.90666 -373.96058 140295.5 -130907 18561.3 -149469 63.673246
0.0285 224.93679 -192.69093 140359.69 -130890 18481.6 -149372 65.172548
0.029 223.71263 -161.32154 140463.28 -130882 18381 -149263 66.568183
0.0295 224.91813 -90.002777 140551.14 -130832 18480.1 -149312 67.986352
0.03 223.37219 -92.205464 140608.38 -130660 18353.1 -149013 69.906019
0.0305 225.89721 -635.18315 140734.02 -130641 18560.5 -149201 71.65665
0.031 225.63792 -436.79992 140895.1 -130547 18539.2 -149087 72.96575
0.0315 227.42342 -646.80585 140975.6 -130538 18685.9 -149224 74.263985
0.032 229.22261 -609.78104 140993.16 -130399 18833.8 -149232 75.98177
0.0325 228.71752 -128.40554 140885.22 -130286 18792.3 -149078 77.466276
0.033 226.71469 201.84586 140755.43 -130140 18627.7 -148768 79.242909
0.0335 230.80019 102.85107 140579.34 -129803 18963.4 -148767 80.657493
0.034 228.18326 -36.099402 140452.93 -129932 18748.4 -148680 82.473467
0.0345 232.82686 -318.89929 140366.12 -129989 19129.9 -149118 84.428035
0.035 228.51199 -17.308885 140344.51 -129921 18775.4 -148696 86.047059
0.0355 231.32883 -236.87139 140362.64 -129799 19006.8 -148806 87.397005
0.036 229.04109 -245.21716 140393.47 -129790 18818.8 -148608 89.054563
0.0365 231.52374 -271.40156 140407.2 -129831 19022.8 -148854 90.416029
0.037 229.85983 -66.002189 140453.81 -129787 18886.1 -148673 92.276726
0.0375 227.24314 -514.56014 140504.86 -129774 18671.1 -148445 93.949718
0.038 229.99331 -191.85239 140499.16 -129775 18897.1 -148673 95.483358
0.0385 230.39974 -68.751559 140446.07 -129710 18930.5 -148641 96.545376
0.039 230.12647 369.79208 140430.69 -129739 18908 -148647 98.117419
0.0395 229.23321 -121.74327 140523.68 -129606 18834.6 -148440 99.981734
0.04 227.28536 -257.8587 140653.69 -129644 18674.6 -148319 101.81131
0.0405 228.59748 -32.09026 140786.75 -129562 18782.4 -148345 103.40254
0.041 229.18005 -579.63819 140872.39 -129476 18830.3 -148307 105.11289
0.0415 232.39014 286.78895 140894.96 -129373 19094 -148467 106.69809
0.042 228.86948 -188.17827 141023.74 -129370 18804.7 -148175 108.45489
0.0425 235.09257 -214.57106 141170.81 -129252 19316.1 -148568 110.04516
0.043 230.13467 -76.005197 141305.59 -129306 18908.7 -148214 112.10313
0.0435 229.33971 -338.69153 141452.54 -129313 18843.4 -148157 113.75755
0.044 233.03026 45.986149 141540.75 -129290 19146.6 -148437 116.06507
0.0445 231.97323 18.646363 141624.36 -129063 19059.8 -148123 118.02363
0.045 231.80553 -548.03245 141648.17 -128862 19046 -147908 119.88626
0.0455 235.13725 -181.99984 141595.61 -128731 19319.7 -148051 122.43452
0.046 237.23649 -119.21739 141523.42 -128710 19492.2 -148202 123.55959
0.0465 237.22598 -325.50814 141447.06 -128545 19491.3 -148036 125.35788
0.047 237.33952 -115.15078 141367.41 -128465 19500.7 -147966 127.05649
0.0475 237.44687 -348.03286 141311.57 -128512 19509.5 -148021 128.85945
0.048 238.53284 -130.20937 141252.52 -128488 19598.7 -148087 130.59879
0.0485 237.96407 140.74377 141262.21 -128506 19552 -148058 132.05182
0.049 237.96825 -199.64283 141368.24 -128520 19552.3 -148072 133.68354
0.0495 234.03891 71.656529 141475.3 -128488 19229.5 -147717 135.29326
0.05 234.67298 -104.62652 141610.76 -128548 19281.6 -147829 137.04648
0.0505 235.22509 -714.46915 141724.82 -128615 19326.9 -147942 138.72212
0.051 237.29359 -392.65977 141749.86 -128597 19496.9 -148094 140.51164
0.0515 235.83188 -43.58575 141729.33 -128680 19376.8 -148056 142.42794
0.052 230.38919 -34.114038 141648.69 -128655 18929.6 -147585 144.40106
0.0525 234.95931 -434.81221 141541.75 -128568 19305.1 -147873 146.12528
0.053 234.12874 -89.058842 141500.83 -128524 19236.9 -147761 148.01591
0.0535 234.39221 -474.78778 141564.42 -128447 19258.5 -147706 149.64932
0.054 233.95917 -206.90364 141589.89 -128557 19222.9 -147780 151.33651
0.0545 229.75513 -5.8860533 141591.74 -128494 18877.5 -147372 153.10635
0.055 231.97603 -178.46825 141577.91 -128463 19060 -147523 154.41455
0.0555 232.52603 -377.44054 141529.87 -128595 19105.2 -147700 156.17964
0.056 234.2881 -486.33701 141459.55 -128704 19250 -147954 157.73321
0.0565 231.45354 -487.55689 141382.74 -128991 19017.1 -148008 159.356
0.057 228.8376 -238.23549 141269.61 -128933 18802.1 -147735 160.91452
0.0575 229.94004 57.509846 141190.2 -128835 18892.7 -147728 162.40338
0.058 232.7256 -97.843697 141086.53 -128811 19121.6 -147933 163.31475
0.0585 237.07168 34.109015 140965.64 -128644 19478.7 -148123 164.58758
0.059 233.1887 -69.639218 140879.27 -128715 19159.6 -147875 166.21249
0.0595 237.00137 -363.11679 140850.92 -128789 19472.9 -148261 167.53379
0.06 236.63612 -38.849987 140859.53 -128775 19442.9 -148218 169.75786
0.0605 236.29407 -384.31755 140948.26 -128595 19414.8 -148009 171.77061
0.061 233.65849 36.468214 141054.1 -128643 19198.2 -147841 174.1544
0.0615 233.17133 14.506287 141124.03 -128586 19158.2 -147744 175.69307
0.062 235.13814 482.11394 141180.2 -128646 19319.8 -147966 177.40807
0.0625 237.05433 72.133579 141266.94 -128644 19477.2 -148121 178.9824
0.063 238.04069 -102.25579 141356.74 -128520 19558.3 -148078 181.03774
0.0635 232.35892 -194.91664 141483.23 -128373 19091.4 -147465 182.83642
0.064 233.75677 48.925659 141576.26 -128572 19206.3 -147778 184.81483
0.0645 236.71533 -107.82984 141684.66 -128609 19449.4 -148059 186.63674
0.065 232.3408 -495.7517 141770.41 -128460 19090 -147550 188.02565
0.0655 234.83373 -440.39901 141792.23 -128354 19294.8 -147649 189.74781
0.066 236.36221 -573.16644 141803.27 -128406 19420.4 -147826 191.92517
0.0665 235.46421 -118.65026 141780.69 -128495 19346.6 -147841 193.94424
0.067 235.75762 -15.166455 141750.72 -128574 19370.7 -147945 195.57486
0.0675 235.58091 -39.744034 141764.91 -128595 19356.2 -147951 196.35862
0.068 234.73051 -373.94778 141770.2 -128545 19286.3 -147831 197.966
0.0685 234.47144 -232.12794 141685.02 -128494 19265 -147759 199.998
0.069 236.26917 -169.52583 141523.1 -128408 19412.7 -147821 201.7044
0.0695 236.93075 -1.1666131 141320.82 -128441 19467.1 -147908 203.7416
0.07 239.0231 130.92074 141166.65 -128314 19639 -147953 205.43811
0.0705 240.09236 -71.681598 141089.02 -128343 19726.9 -148070 206.79956
0.071 237.55721 -163.74017 141079.26 -128306 19518.6 -147824 208.25439
0.0715 239.37784 -556.00831 141088.6 -128482 19668.2 -148150 210.38688
0.072 235.99297 111.72367 141090.26 -128597 19390 -147987 212.35001
0.0725 234.31475 -255.04704 141133.33 -128497 19252.1 -147749 214.5786
0.073 236.2122 187.50662 141158.28 -128404 19408 -147812 216.02863
0.0735 235.91565 -524.56388 141209.34 -128337 19383.7 -147720 218.08707
0.074 237.44962 -440.73321 141211.28 -128274 19509.7 -147784 220.22511
0.0745 236.85029 468.18923 141177.67 -128214 19460.5 -147675 221.98811
0.075 237.27496 64.220267 141201.29 -128477 19495.4 -147972 224.23852
0.0755 238.45777 -211.77395 141226.53 -128498 19592.6 -148091 226.29812
0.076 240.49857 145.44844 141214.13 -128404 19760.2 -148165 228.35077
0.0765 237.9085 -186.85702 141308.6 -128375 19547.4 -147922 230.00568
0.077 234.88961 -178.10133 141447.88 -128394 19299.4 -147693 232.22637
0.0775 237.76021 -222.53535 141589.07 -128317 19535.2 -147852 233.74816
0.078 232.58242 62.684593 141694.82 -128472 19109.8 -147582 235.84117
0.0785 235.39047 -213.10405 141822.35 -128376 19340.5 -147717 238.14208
0.079 236.12783 -155.2418 141910.06 -128448 19401.1 -147850 239.93998
0.0795 233.02073 -116.13964 142008.19 -128596 19145.8 -147742 241.61253
0.08 233.96624 -372.63239 142011.42 -128603 19223.5 -147827 243.78693
0.0805 234.7877 -54.494724 141969.02 -128472 19291 -147763 245.92582
0.081 229.69931 -547.4124 141918.73 -128596 18872.9 -147469 247.77552
0.0815 227.72001 -17.893758 141810.49 -128447 18710.3 -147157 249.22202
0.082 235.61834 21.421567 141732.43 -128487 19359.3 -147847 250.83991
0.0825 230.09047 -152.17252 141636.71 -128439 18905.1 -147344 252.7302
0.083 236.06136 -52.001169 141521.19 -128419 19395.7 -147814 254.43856
0.0835 233.1713 -160.29196 141444.41 -128526 19158.2 -147685 256.40692
0.084 234.01251 -583.59078 141371.67 -128564 19227.3 -147792 257.94057
0.0845 233.8221 -153.94563 141180.69 -128629 19211.7 -147841 259.04922
0.085 238.27263 276.79402 140967.37 -128548 19577.3 -148125 260.84273
0.0855 236.4502 92.817536 140838.74 -128629 19427.6 -148057 262.04148
0.086 239.6466 -307.04775 140758.56 -128610 19690.2 -148300 263.88391
0.0865 239.1426 -115.13149 140668.89 -128630 19648.8 -148279 265.6517
0.087 237.094 272.8913 140599.39 -128651 19480.5 -148131 268.32294
0.0875 240.911 506.59109 140637.84 -128550 19794.1 -148344 270.6377
0.088 237.92876 -270.72242 140780.63 -128646 19549.1 -148195 272.92943
0.0885 233.81598 -106.05788 140980.81 -128731 19211.2 -147942 274.93483
0.089 234.3405 -462.33972 141188.99 -128771 19254.3 -148025 277.73084
0.0895 236.02529 -298.53472 141364.65 -128724 19392.7 -148117 280.00825
0.09 233.98466 -80.493564 141486.78 -128702 19225 -147927 281.74854
0.0905 231.57632 170.27754 141560.17 -128721 19027.1 -147748 283.65698
0.091 232.74996 -293.54954 141652.89 -128846 19123.6 -147969 286.31076
0.0915 231.31397 -219.53812 141710.98 -128752 19005.6 -147758 288.22432
0.092 237.16438 -357.92093 141728.28 -128767 19486.3 -148254 290.65414
0.0925 236.45253 -274.66128 141730.09 -128827 19427.8 -148255 292.3512
0.093 233.81756 -166.09871 141681.62 -128995 19211.3 -148206 294.81567
0.0935 233.62973 -346.77628 141570.85 -128964 19195.9 -148160 296.818
0.094 232.36589 -451.41471 141440.16 -128915 19092 -148007 298.89969
0.0945 234.16548 -91.235263 141308.47 -128789 19239.9 -148029 300.4065
0.095 231.72746 -148.75323 141167.11 -128894 19039.6 -147933 300.8829
0.0955 234.45658 138.66473 140999.77 -128836 19263.8 -148100 303.01533
0.096 235.89147 -103.58892 140852.24 -128776 19381.7 -148158 304.55434
0.0965 238.33725 -228.57734 140751.92 -128868 19582.7 -148451 306.06003
0.097 232.62457 67.739506 140712.3 -128873 19113.3 -147987 308.35555
0.0975 234.48214 -197.51956 140739.43 -128836 19265.9 -148102 310.71761
0.098 233.4052 -300.3897 140802.14 -128900 19177.4 -148077 313.08866
0.0985 232.62088 -177.43476 140871.82 -128882 19113 -147995 315.45017
0.099 233.90114 313.65071 140900.77 -128874 19218.2 -148092 317.18652
0.0995 231.42892 -239.36693 140971.45 -128844 19015 -147859 318.74648
0.1 232.07908 -519.62416 141095.43 -128787 19068.5 -147855 320.84061
0.1005 236.35053 -347.57356 141269.07 -128842 19419.4 -148262 322.58984
0.101 233.66464 13.030045 141461.37 -128743 19198.7 -147941 323.61216
0.1015 235.60453 -581.00739 141639.73 -128655 19358.1 -148014 325.12487
0.102 234.40122 -274.49432 141729.41 -128608 19259.3 -147868 326.99354
0.1025 236.48803 -412.79596 141749.87 -128626 19430.7 -148056 329.02833
0.103 233.31796 -352.02632 141644.33 -128587 19170.2 -147757 331.54604
0.1035 234.94316 -348.53849 141492.57 -128556 19303.8 -147860 333.36056
0.104 234.2218 8.7005594 141289.99 -128709 19244.5 -147953 334.89225
0.1045 232.90042 162.26003 141097.46 -128676 19135.9 -147812 336.88928
0.105 234.70589 -462.37568 140990.86 -128640 19284.3 -147925 338.94122
0.1055 236.73002 -28.060143 140917.9 -128624 19450.6 -148075 341.35589
0.106 229.90626 158.66485 140902.85 -128583 18889.9 -147473 342.62977
0.1065 236.45267 -82.882191 140931.98 -128573 19427.8 -148001 345.0204
0.107 232.60926 -242.82721 140944.27 -128627 19112 -147739 346.89552
0.1075 234.43722 -46.869496 140956.42 -128578 19262.2 -147841 348.39392
0.108 232.93033 -73.203078 140994.85 -128630 19138.4 -147768 350.51417
0.1085 234.36037 -359.19685 141071.87 -128502 19255.9 -147758 352.35066
0.109 233.97186 -224.70216 141141.83 -128459 19224 -147683 353.64269
0.1095 235.98479 -130.10059 141166.35 -128476 19389.4 -147865 355.17452
0.11 237.04946 -587.54525 141224.79 -128639 19476.8 -148116 357.20896
0.1105 234.3948 -180.27572 141320.36 -128713 19258.7 -147972 359.93252
0.111 232.07142 139.10894 141461.93 -128642 19067.8 -147710 362.74471
0.1115 233.01551 -326.21904 141667.94 -128717 19145.4 -147863 365.15736
0.112 231.50713 -209.35322 141811 -128661 19021.5 -147682 367.35509
0.1125 229.19529 -742.07523 141858.75 -128706 18831.5 -147537 369.51557
0.113 238.38478 -93.629781 141870.88 -128712 19586.6 -148299 371.07281
0.1135 229.76485 -523.66503 141908.93 -128723 18878.3 -147601 373.06605
0.114 232.40649 -222.47188 141868.49 -128775 19095.4 -147870 375.20201
0.1145 226.73795 -348.18621 141708.67 -128945 18629.6 -147575 376.71763
0.115 233.88594 -150.16325 141461.12 -128929 19216.9 -148146 378.43835
0.1155 230.09167 -337.24473 141230.13 -128956 18905.2 -147861 380.24609
0.116 234.51475 101.89468 141019.14 -128928 19268.6 -148197 382.1581
0.1165 230.94683 54.995682 140919.93 -128860 18975.4 -147835 383.79841
0.117 234.32579 193.37825 140903.17 -128803 19253.1 -148056 384.54103
0.1175 236.32849 -0.09353911 140965.4 -128771 19417.6 -148189 386.21323
0.118 232.37346 -3.6942299 141070.78 -128886 19092.6 -147979 387.93302
0.1185 236.82079 -33.525077 141195.87 -128706 19458.1 -148164 390.2716
0.119 233.11128 -420.60043 141349.07 -128871 19153.3 -148024 391.99068
0.1195 232.5987 22.966383 141425.23 -128885 19111.2 -147996 393.42472
0.12 233.72926 -30.713993 141416.78 -128881 19204 -148085 394.74373
0.1205 233.41033 -336.60761 141387.95 -128865 19177.8 -148042 396.15021
0.121 234.17242 -393.13891 141326.26 -128811 19240.5 -148052 398.20485
0.1215 235.08691 154.92065 141250.15 -128770 19315.6 -148085 400.70198
0.122 232.68228 -54.876789 141237.45 -128738 19118 -147856 401.43267
0.1225 238.12296 11.791102 141231.16 -128630 19565 -148195 403.74358
0.123 231.52606 -382.11573 141264.56 -128580 19023 -147603 405.84509
0.1235 235.34369 -269.48169 141325.65 -128684 19336.7 -148020 407.1954
0.124 229.71078 -36.77527 141335.81 -128867 18873.9 -147741 408.66457
0.1245 235.85758 -32.625569 141325.24 -128739 19378.9 -148118 410.50813
0.125 235.15747 -223.317 141284.37 -128705 19321.4 -148027 412.27703
0.1255 234.6587 -54.561892 141214.17 -128811 19280.4 -148091 414.07967
0.126 232.74256 51.171234 141193.11 -128688 19123 -147811 416.66765
0.1265 232.69815 -522.31793 141243.64 -128694 19119.3 -147813 419.90732
0.127 240.68715 -379.06407 141275.47 -128580 19775.7 -148356 421.29197
0.1275 232.46998 -391.94574 141266.08 -128763 19100.6 -147863 423.20077
0.128 234.07712 -120.25351 141221.61 -128816 19232.6 -148049 424.88464
0.1285 233.64623 -183.95431 141200.79 -128798 19197.2 -147995 426.2719
0.129 231.56549 -425.64743 141232.82 -128776 19026.3 -147802 427.52155
0.1295 234.13174 -375.88329 141225.11 -128726 19237.1 -147963 428.58703
0.13 233.02665 -298.39097 141150.26 -128718 19146.3 -147864 430.32029
0.1305 232.01547 183.43473 141091.4 -128645 19063.2 -147708 432.57445
0.131 232.48178 -37.260198 141096.35 -128575 19101.5 -147676 434.47161
0.1315 235.00628 134.86136 141144.82 -128656 19309 -147965 436.12568
0.132 232.46034 226.20138 141220.29 -128681 19099.8 -147781 437.37676
0.1325 232.64501 328.65131 141331.86 -128831 19115 -147946 439.09101
0.133 233.25148 -213.13044 141458.64 -128856 19164.8 -148021 440.86541
0.1335 235.88404 -168.58314 141573.15 -128776 19381.1 -148157 442.71071
0.134 234.67408 -587.64748 141681.17 -128797 19281.7 -148078 444.46234
0.1345 232.6936 -97.556983 141762.27 -128911 19118.9 -148030 446.84829
0.135 231.64826 -306.10163 141853.19 -128789 19033.1 -147822 448.3379
0.1355 234.35399 -167.27238 141880.99 -129015 19255.4 -148271 450.47374
0.136 232.75999 -38.51614 141867.03 -129048 19124.4 -148172 451.71703
0.1365 234.68396 -169.02375 141820.7 -128999 19282.5 -148282 454.02457
0.137 226.22156 -224.83729 141733.09 -129007 18587.2 -147595 455.70438
0.1375 231.13045 -73.185142 141578.52 -129039 18990.5 -148029 456.49162
0.138 227.90132 -178.66592 141433.38 -129015 18725.2 -147741 457.35829
0.1385 232.34567 -122.76429 141229.12 -129061 19090.4 -148152 458.31339
0.139 231.58422 -113.96853 141028.19 -128974 19027.8 -148002 459.79413
0.1395 235.07891 171.51069 140865.08 -129041 19314.9 -148356 461.34498
0.14 236.5752 353.59877 140809.06 -128999 19437.9 -148437 462.49387
0.1405 233.03327 15.580138 140837.12 -128915 19146.9 -148062 464.53879
0.141 240.06727 46.954797 140888.99 -128939 19724.8 -148664 465.94605
0.1415 235.97031 -245.06501 140967.82 -128756 19388.2 -148144 468.32881
0.142 234.76606 -51.463326 141070.91 -128804 19289.2 -148093 470.4652
0.1425 234.80335 37.895791 141226.53 -128641 19292.3 -147933 472.11021
0.143 232.41763 -194.72036 141439.47 -128632 19096.3 -147728 473.2698
0.1435 237.22621 -81.342976 141651.33 -128689 19491.4 -148181 475.93927
0.144 231.31295 -299.44836 141906.8 -128485 19005.5 -147490 479.08796
0.1445 231.77405 -217.27162 142088.92 -128683 19043.4 -147726 482.64391
0.145 231.98981 -319.35131 142160.94 -128653 19061.1 -147714 483.42526
0.1455 234.63463 -390.26916 142148.47 -128801 19278.4 -148080 483.87862
0.146 232.49524 -827.71211 142062.44 -128853 19102.7 -147956 485.38013
0.1465 233.17289 3.3102522 141943.09 -128795 19158.3 -147953 487.42996
0.147 231.74318 -408.33768 141805.5 -128821 19040.9 -147861 488.69962
0.1475 233.68582 -313.65912 141598.27 -128772 19200.5 -147973 490.49275
0.148 234.08555 -165.12871 141397.2 -128965 19233.3 -148198 492.30324
0.1485 234.01488 -281.8637 141239 -128977 19227.5 -148204 494.41751
0.149 235.12526 134.49989 141099.3 -129062 19318.7 -148381 496.01629
0.1495 227.59084 -244.15814 141008.8 -129143 18699.7 -147843 497.61517
0.15 227.00754 13.694286 140908.87 -129194 18651.8 -147846 499.62379
0.1505 228.17627 -96.896456 140812.46 -129226 18747.8 -147973 501.86453
0.151 234.76561 -101.58845 140753.9 -129134 19289.2 -148423 503.87128
0.1515 234.91908 -92.264573 140730.54 -129202 19301.8 -148504 505.93474
0.152 233.15874 346.73555 140697.75 -129191 19157.2 -148348 507.66396
0.1525 231.16812 -45.351611 140723.55 -129250 18993.6 -148244 509.84812
0.153 231.70012 246.12867 140760.64 -129108 19037.3 -148145 511.05661
0.1535 230.43019 -300.46341 140844.93 -129021 18933 -147954 513.39094
0.154 232.79631 -646.40183 140913.18 -128963 19127.4 -148090 515.78431
0.1545 234.77578 -161.65031 140953.9 -129024 19290 -148314 517.62946
0.155 232.44697 8.536656 141049.33 -128926 19098.7 -148024 519.75361
0.1555 231.84578 -143.73259 141156.46 -128986 19049.3 -148035 521.57626
0.156 231.696 -243.80826 141278.58 -128939 19037 -147976 523.84266
0.1565 229.27245 -124.65668 141341.43 -129033 18837.9 -147870 525.00556
0.157 233.1109 -436.52679 141330.68 -128975 19153.2 -148128 526.82328
0.1575 231.61385 -367.37325 141290.96 -128873 19030.2 -147904 528.33204
0.158 231.89549 -170.35481 141215.58 -128870 19053.4 -147924 528.99343
0.1585 230.78401 56.807777 141161.99 -128845 18962 -147807 529.94564
0.159 234.93101 -379.20943 141134.13 -128914 19302.8 -148217 531.73654
0.1595 236.88975 -253.95992 141112.43 -128856 19463.7 -148320 532.64588
0.16 236.4879 -131.18254 141097.9 -128776 19430.7 -148206 533.60772
0.1605 232.21569 -225.13651 141100.34 -128651 19079.7 -147731 535.99204
0.161 237.20809 333.8302 141128.51 -128548 19489.9 -148038 538.41616
0.1615 233.72183 139.79512 141211.19 -128556 19203.4 -147760 539.93242
0.162 236.52552 -82.037534 141359.57 -128420 19433.8 -147854 542.05695
0.1625 238.70915 -183.68655 141520.04 -128376 19613.2 -147989 543.68792
0.163 239.20075 160.55391 141697.07 -128446 19653.6 -148100 545.52288
0.1635 235.50622 -364.64801 141871.87 -128471 19350 -147821 547.30923
0.164 235.19263 -37.465281 142023.6 -128446 19324.3 -147770 549.28068
0.1645 234.78723 -700.80976 142185.78 -128545 19291 -147836 551.84244
0.165 234.93625 -819.9263 142259.87 -128481 19303.2 -147784 554.0236
0.1655 237.93463 -625.77333 142180.81 -128355 19549.6 -147905 555.66477
0.166 237.80735 258.41387 142054.19 -128290 19539.1 -147829 557.37936
0.1665 235.01846 -142.85633 141927.09 -128153 19310 -147463 559.21058
0.167 240.70899 -108.27326 141809.22 -128335 19777.5 -148112 561.11858
0.1675 234.8365 -39.613128 141697.11 -128351 19295 -147646 561.57551
0.168 238.82788 219.90862 141625.6 -128433 19623 -148056 563.11939
0.1685 231.59937 101.05412 141651.08 -128585 19029 -147614 563.46197
0.169 231.9913 70.094997 141720.98 -128505 19061.2 -147566 564.81698
0.1695 236.50755 -419.30145 141784.12 -128465 19432.3 -147897 567.39856
0.17 236.14999 223.40614 141786.78 -128527 19402.9 -147930 568.54333
0.1705 236.97317 -275.01088 141788.53 -128408 19470.6 -147879 570.57454
0.171 233.73491 101.61048 141739.1 -128444 19204.5 -147648 572.03096
0.1715 236.17731 -315.68637 141702.05 -128311 19405.2 -147716 573.54768
0.172 239.94881 -384.244 141683.76 -128111 19715.1 -147827 575.37404
0.1725 241.96054 -283.14668 141674.17 -128141 19880.4 -148021 576.17343
0.173 235.36737 -408.93542 141619.85 -128013 19338.6 -147352 577.88764
0.1735 240.80508 -94.80861 141582.38 -128044 19785.4 -147829 580.18895
0.174 238.92982 -361.58844 141591.06 -128146 19631.3 -147777 581.76464
0.1745 241.99094 -292.97252 141579.14 -128053 19882.9 -147936 583.86989
0.175 237.04981 382.80571 141525.73 -128121 19476.9 -147598 586.99108
0.1755 240.76744 59.192154 141464.01 -128323 19782.3 -148105 589.23948
0.176 236.05661 322.5106 141408.41 -128330 19395.3 -147725 589.9861
0.1765 235.76525 229.29434 141449.52 -128213 19371.3 -147584 591.74221
0.177 239.46856 -103.46597 141503.88 -128091 19675.6 -147766 593.1376
0.1775 239.01143 -147.80434 141572.98 -128026 19638 -147664 594.25234
0.178 236.84579 -377.21156 141654.59 -128056 19460.1 -147516 595.2035
0.1785 240.73746 -185.69374 141694.25 -128137 19779.9 -147917 597.83547
0.179 238.72383 -202.77412 141724.06 -128222 19614.4 -147836 599.66789
0.1795 238.23207 530.57681 141785.66 -128199 19574 -147773 602.00932
0.18 235.7627 180.38817 141862.93 -128406 19371.1 -147777 603.31457
0.1805 235.03504 -186.45 141932.35 -128516 19311.3 -147827 604.55414
0.181 229.52645 -376.67451 141989.07 -128665 18858.7 -147524 605.62396
0.1815 229.69367 -314.06777 141977.1 -128706 18872.5 -147578 607.01655
0.182 231.55387 -378.48581 141948.87 -128618 19025.3 -147643 608.59615
0.1825 233.35063 116.73856 141912.18 -128365 19172.9 -147538 610.13633
0.183 236.25961 103.1012 141822.73 -128393 19411.9 -147805 611.47175
0.1835 236.59004 -312.64269 141700.05 -128322 19439.1 -147761 614.02096
0.184 240.09815 -139.91206 141549.76 -128337 19727.3 -148064 614.94608
0.1845 240.2152 183.91914 141374.49 -128420 19737 -148157 616.93778
0.185 239.32055 -97.273513 141244.66 -128354 19663.4 -148017 617.45819
0.1855 237.41096 -60.217929 141159.76 -128243 19506.5 -147750 618.34255
0.186 241.11296 82.400255 141146.27 -128206 19810.7 -148017 618.58173
0.1865 240.26054 116.96528 141210.92 -128283 19740.7 -148024 619.82493
0.187 233.69759 -253.43632 141310.88 -128358 19201.4 -147559 621.96462
0.1875 237.74314 -444.28057 141364.62 -128304 19533.8 -147838 624.17947
0.188 235.51554 -2.8414594 141417.27 -128185 19350.8 -147536 625.73118
0.1885 236.31799 -197.91465 141499.39 -128287 19416.7 -147703 626.81324
0.189 235.30594 -336.75892 141555.73 -128308 19333.6 -147641 627.68093
0.1895 238.29574 -206.69537 141564.54 -128447 19579.2 -148027 629.10991
0.19 240.16671 -478.78472 141556.87 -128393 19733 -148126 630.56364
0.1905 239.62408 104.44481 141482.68 -128334 19688.4 -148022 631.23753
0.191 237.07656 -243.23305 141393.58 -128368 19479.1 -147847 632.51806
0.1915 232.32929 406.04155 141307.86 -128383 19089 -147472 632.8083
0.192 236.49824 -663.83856 141306.32 -128356 19431.6 -147788 634.78721
0.1925 234.43051 21.203169 141306.08 -128289 19261.7 -147551 637.44822
0.193 238.00345 -204.36941 141361.66 -128400 19555.2 -147955 638.58783
0.1935 231.26486 -247.18164 141450.64 -128418 19001.6 -147419 639.24446
0.194 232.59679 -550.94079 141475.55 -128526 19111 -147637 640.01837
0.1945 237.68458 283.42844 141483.94 -128519 19529 -148048 641.56326
0.195 231.31685 -299.98561 141488.67 -128702 19005.8 -147708 642.93742
0.1955 238.78902 -421.162 141490.25 -128523 19619.8 -148142 644.03412
0.196 241.79642 -278.22846 141531.99 -128529 19866.9 -148396 645.52747
0.1965 233.57747 -245.33845 141590.87 -128393 19191.6 -147584 646.45035
0.197 234.32495 -87.356976 141654.67 -128289 19253 -147542 648.8144
0.1975 237.34377 -403.67486 141687.75 -128284 19501 -147785 650.49064
0.198 234.11836 -200.87738 141645.83 -128354 19236 -147590 651.49676
0.1985 235.92554 -308.05155 141596.83 -128295 19384.5 -147680 652.48755
0.199 237.28981 -120.42807 141531.74 -128168 19496.6 -147664 652.98468
0.1995 240.21797 62.558868 141445.35 -128108 19737.2 -147845 653.86833
0.2 235.64266 -465.7381 141396.22 -128106 19361.3 -147468 656.31141
0.2005 237.32144 44.470436 141336.42 -128132 19499.2 -147632 658.14591
0.201 234.8872 -335.79734 141320.31 -128223 19299.2 -147522 660.29902
0.2015 235.8073 -45.157972 141364.28 -128310 19374.8 -147685 663.34407
0.202 237.48665 -253.72082 141437.35 -128309 19512.8 -147822 665.12032
0.2025 237.92746 -726.68385 141483.08 -128387 19549 -147936 667.57681
0.203 235.80031 -125.17576 141423.44 -128346 19374.2 -147720 668.49445
0.2035 237.67823 -94.674327 141362.76 -128293 19528.5 -147822 669.89031
0.204 237.24746 91.01039 141325.67 -128202 19493.1 -147695 672.0285
0.2045 238.15261 -117.56939 141275.03 -128126 19567.5 -147694 673.89006
0.205 237.48455 -330.03198 141286.98 -128076 19512.6 -147589 676.16815
0.2055 234.52309 45.129219 141376.16 -128040 19269.3 -147310 677.95953
0.206 234.61786 -145.6229 141518.1 -128059 19277.1 -147336 680.40852
0.2065 241.00514 -55.530113 141712.51 -127942 19801.9 -147744 682.21745
0.207 240.99912 -418.46887 141929.64 -128065 19801.4 -147866 683.31372
0.2075 238.8798 -202.01327 142132.75 -128071 19627.2 -147699 685.51617
0.208 236.08192 -299.54401 142287.84 -128037 19397.3 -147435 686.62775
0.2085 236.22317 67.464103 142448.21 -128044 19409 -147453 688.43199
0.209 237.94907 -168.23353 142548.8 -127796 19550.8 -147347 690.7096
0.2095 237.63457 -460.48422 142544.96 -127880 19524.9 -147405 692.63774
0.21 239.99861 -375.76049 142395.01 -127966 19719.2 -147685 693.88915
0.2105 234.39423 -47.275581 142145.5 -127889 19258.7 -147148 693.97871
0.211 238.21808 -525.95053 141915.67 -127869 19572.9 -147442 695.4819
0.2115 238.75464 -102.34433 141718.63 -127879 19616.9 -147496 697.2235
0.212 239.08578 119.30778 141576.37 -127997 19644.2 -147641 699.4422
0.2125 240.43227 -30.530532 141503.55 -128098 19754.8 -147853 701.06058
0.213 234.39389 145.44011 141470.8 -128041 19258.7 -147300 701.84857
0.2135 236.87105 146.12881 141489.37 -128222 19462.2 -147684 704.19796
0.214 239.07564 -409.04149 141558.84 -128294 19643.3 -147937 705.52055
0.2145 237.06456 -641.56605 141681.97 -128237 19478.1 -147715 706.73768
0.215 236.72733 -139.09722 141857.19 -128217 19450.4 -147667 709.01357
0.2155 232.08811 -83.025225 142030.03 -128239 19069.2 -147309 711.55197
0.216 237.83316 -372.23539 142115.25 -128315 19541.2 -147857 713.63497
0.2165 238.31109 -42.069883 142121.92 -128326 19580.5 -147907 715.4743
0.217 234.18909 -380.54307 142066.41 -128270 19241.8 -147512 718.35439
0.2175 233.47893 176.69738 142001.22 -128319 19183.5 -147502 720.79741
0.218 236.6515 -292.93946 141945.47 -128313 19444.1 -147757 723.26933
0.2185 234.95451 -263.7855 141873.45 -128301 19304.7 -147606 722.8189
0.219 236.23624 -426.28011 141819.77 -128315 19410 -147725 724.15343
0.2195 237.32356 -109.69088 141683.07 -128204 19499.4 -147703 724.85038
0.22 237.67044 77.18966 141575.13 -128263 19527.9 -147791 726.7351
0.2205 238.72389 -282.5632 141540.96 -128296 19614.4 -147910 729.84487
0.221 235.51344 -270.56821 141536.4 -128221 19350.6 -147572 732.58175
0.2215 236.50473 -89.826048 141514.14 -128202 19432.1 -147634 734.8681
0.222 238.23297 -81.704377 141503.18 -128150 19574.1 -147724 736.03079
0.2225 239.97576 -188.19572 141515.41 -128187 19717.3 -147905 737.44647
0.223 236.48484 -568.70262 141509.92 -128171 19430.5 -147602 740.08175
0.2235 235.33229 -373.27374 141418.98 -128301 19335.8 -147637 740.59548
0.224 234.6726 -379.31081 141302.09 -128353 19281.6 -147634 741.53374
0.2245 232.86512 -40.101109 141118.51 -128310 19133 -147443 742.46938
0.225 239.52386 -257.79439 140972.89 -128070 19680.1 -147751 744.6473
0.2255 234.82763 -82.184814 140865.76 -128152 19294.3 -147446 746.19759
0.226 235.32647 447.89879 140880.61 -128266 19335.3 -147602 749.14375
0.2265 236.42861 326.32989 141038.22 -128212 19425.8 -147637 752.05481
0.227 239.81729 -322.98633 141272.78 -128172 19704.3 -147877 754.66991
0.2275 232.48508 -378.71458 141524.68 -128149 19101.8 -147250 756.69625
0.228 235.77757 -99.659932 141735.4 -128150 19372.3 -147523 758.79806
0.2285 239.22615 -540.50102 141977.94 -128170 19655.7 -147826 760.27769
0.229 235.95032 -383.61191 142200.48 -127984 19386.5 -147370 761.44856
0.2295 239.09755 -396.13203 142351.83 -127996 19645.1 -147641 763.52774
0.23 235.15259 -101.25195 142380.07 -128242 19321 -147563 765.36
0.2305 233.56242 -648.0673 142373.18 -128067 19190.3 -147257 767.04586
0.231 235.58757 -8.9791094 142293.88 -128231 19356.7 -147588 767.69936
0.2315 237.0949 -425.6743 142267.43 -128269 19480.6 -147750 769.30517
0.232 232.78414 -257.14195 142253.18 -128169 19126.4 -147295 770.08368
0.2325 233.94831 -586.651 142225.67 -128119 19222 -147341 770.42828
0.233 235.11231 -482.14591 142099.08 -128147 19317.7 -147465 770.4281
0.2335 234.69726 -66.446348 141937.79 -128159 19283.6 -147443 771.2004
0.234 238.62325 -137.56281 141768.47 -128110 19606.2 -147716 772.49113
0.2345 237.10197 -366.72901 141636.4 -128177 19481.2 -147658 773.88697
0.235 234.23824 -194.29683 141506.83 -128193 19245.9 -147438 775.63819
0.2355 236.64163 -106.98441 141404.15 -128236 19443.3 -147680 777.23003
0.236 232.88307 -431.40928 141329.54 -128284 19134.5 -147418 777.96345
0.2365 236.42731 -51.279193 141200.5 -128432 19425.7 -147858 778.73043
0.237 231.92962 -357.87031 141089.17 -128443 19056.2 -147499 780.54631
0.2375 235.90429 164.44673 141075.77 -128427 19382.8 -147809 782.2019
0.238 237.91115 -159.48298 141162.23 -128395 19547.6 -147943 784.29928
0.2385 244.44832 143.11869 141339.02 -128378 20084.8 -148463 786.83777
0.239 238.92379 -12.695023 141567.81 -128353 19630.8 -147984 788.85776
0.2395 235.80907 -156.96594 141777 -128428 19374.9 -147803 789.8517
0.24 233.66636 -231.72867 142013.39 -128422 19198.9 -147621 792.85746
0.2405 237.16117 -328.14439 142181.91 -128322 19486 -147808 793.48121
0.241 236.86575 -473.73797 142275.52 -128386 19461.7 -147848 795.90574
0.2415 232.88862 -333.81609 142236.01 -128288 19135 -147423 797.759
0.242 238.90133 -322.84892 142102.85 -128331 19629 -147960 798.7144
0.2425 239.07894 -186.97016 141951.65 -128170 19643.6 -147814 800.33421
0.243 236.19893 90.486942 141794.16 -128295 19407 -147702 801.47103
0.2435 234.28079 -21.900231 141612.4 -128386 19249.4 -147635 803.40369
0.244 238.38609 -95.649079 141432.03 -128458 19586.7 -148044 804.86266
0.2445 233.10887 -348.95318 141237.33 -128495 19153.1 -147648 805.94623
0.245 234.44257 -120.56533 141018.33 -128450 19262.7 -147713 806.70613
0.2455 234.1349 -425.08967 140866.96 -128506 19237.4 -147743 807.21405
0.246 236.45572 112.98282 140747.16 -128529 19428.1 -147957 808.42907
0.2465 233.83994 -496.69572 140730.14 -128647 19213.1 -147861 810.49988
0.247 235.06082 78.000094 140737.27 -128575 19313.4 -147888 811.53451
0.2475 234.42419 -601.79994 140835.9 -128609 19261.1 -147871 812.12384
0.248 235.81133 295.52329 140934.38 -128637 19375.1 -148012 813.6474
0.2485 234.9584 -236.9598 141025.31 -128549 19305 -147854 815.50956
0.249 233.23863 -226.91646 141121.68 -128722 19163.7 -147886 817.34309
0.2495 233.44694 -76.699164 141168.25 -128747 19180.8 -147928 817.7023
0.25 231.68912 -102.46578 141253.98 -128634 19036.4 -147670 819.84296
0.2505 236.205 -200.9256 141330.34 -128587 19407.5 -147994 820.86248
0.251 234.07044 -146.44879 141388.69 -128707 19232.1 -147939 821.92995
0.2515 232.03084 601.66628 141426.35 -128590 19064.5 -147654 823.76571
0.252 232.31489 -86.281585 141480.52 -128478 19087.8 -147566 824.76711
0.2525 234.63676 -126.361 141551.74 -128416 19278.6 -147694 826.17058
0.253 233.97774 -50.915115 141612.21 -128393 19224.5 -147617 827.68853
0.2535 234.93087 -258.72795 141619.49 -128334 19302.8 -147637 829.17598
0.254 235.47737 -561.38031 141624.36 -128472 19347.7 -147820 832.89668
0.2545 235.12331 -126.72048 141575.4 -128475 19318.6 -147794 833.78177
0.255 235.6267 -486.15376 141487 -128459 19359.9 -147819 833.80365
0.2555 235.35652 169.61413 141342.19 -128545 19337.7 -147883 833.21709
0.256 235.93273 130.04817 141242.41 -128559 19385.1 -147944 833.43203
0.2565 232.55729 49.197676 141151.58 -128501 19107.7 -147609 835.62545
0.257 236.37836 126.49239 141151.47 -128421 19421.7 -147843 837.6155
0.2575 234.71423 -49.535333 141228.06 -128501 19285 -147786 838.8678
0.258 235.40455 -253.73365 141383.2 -128366 19341.7 -147708 839.73154
0.2585 237.83448 -330.14127 141528 -128519 19541.3 -148061 840.96115
0.259 238.67843 -719.41756 141618.82 -128529 19610.7 -148139 842.46908
0.2595 236.517 -17.375174 141637.09 -128537 19433.1 -147970 843.50375
0.26 232.81527 -613.7632 141586.5 -128726 19128.9 -147855 845.14629
0.2605 231.61035 -9.8289176 141544.03 -128701 19029.9 -147731 845.93704
0.261 234.45317 -79.91736 141577.21 -128680 19263.5 -147943 846.88608
0.2615 230.16783 -276.30706 141683.95 -128574 18911.4 -147486 849.32403
0.262 234.37247 77.724153 141703.48 -128517 19256.9 -147774 851.0421
0.2625 237.01396 -194.20554 141706.81 -128459 19473.9 -147933 851.68116
0.263 237.42109 -494.06212 141667.79 -128513 19507.4 -148021 853.23552
0.2635 234.49507 22.436114 141585.76 -128346 19267 -147613 854.40299
0.264 236.23883 -435.04238 141534.58 -128259 19410.2 -147669 854.27085
0.2645 235.52044 69.523632 141517.44 -128356 19351.2 -147707 855.19648
0.265 238.72149 -349.55014 141569.59 -128342 19614.2 -147956 855.34222
0.2655 236.27346 38.130636 141619.19 -128421 19413.1 -147834 855.96702
0.266 239.29803 -339.1407 141637.65 -128403 19661.6 -148065 857.8456
0.2665 234.53381 -736.20579 141616.73 -128507 19270.1 -147778 859.9711
0.267 231.30262 -188.33331 141564.18 -128568 19004.7 -147573 862.14333
0.2675 238.60974 -89.68968 141542.52 -128716 19605 -148321 862.96158
0.268 234.989 -520.24474 141464 -128737 19307.5 -148044 863.6752
0.2685 229.59553 -2.4688578 141322.59 -128810 18864.4 -147674 865.2743
0.269 232.62982 -291.94541 141235.55 -128975 19113.7 -148089 867.31902
0.2695 228.78004 -204.40026 141147.65 -128961 18797.4 -147759 868.82479
0.27 233.26603 -80.534676 141011.62 -129053 19166 -148219 869.02245
0.2705 235.39017 -566.38565 140940.55 -129012 19340.5 -148352 869.86988
0.271 228.46913 169.20355 140848.35 -129185 18771.9 -147957 871.95201
0.2715 238.00628 80.732174 140786.62 -128930 19555.5 -148485 872.81631
0.272 229.2972 265.87129 140792.16 -128915 18839.9 -147755 875.81919
0.2725 237.04994 -222.2489 140865.69 -128935 19476.9 -148412 878.17126
0.273 229.86972 -143.83305 141005.85 -128909 18886.9 -147796 880.06127
0.2735 231.12176 -211.52549 141184.64 -128837 18989.8 -147827 881.8146
0.274 232.54941 263.41975 141422.43 -128780 19107.1 -147887 884.22743
0.2745 232.96364 -284.6571 141668.75 -128658 19141.1 -147799 885.44893
0.275 230.59206 73.762539 141897.08 -128567 18946.3 -147513 886.37591
0.2755 233.75177 -24.299633 142038.16 -128461 19205.9 -147667 887.52033
0.276 237.41252 -547.29446 142095.73 -128355 19506.7 -147862 890.35996
0.2765 233.99023 -1.912539 142083.12 -128408 19225.5 -147634 892.93145
0.277 234.91188 -582.44062 142060.38 -128502 19301.2 -147803 894.69793
0.2775 239.43118 47.706267 141977.66 -128396 19672.5 -148068 896.3111
0.278 235.28227 60.907249 141921.72 -128433 19331.6 -147765 897.82429
0.2785 232.72708 21.369695 141915.19 -128337 19121.7 -147459 898.56728
0.279 237.3343 -238.42232 141910.61 -128179 19500.2 -147679 899.89198
0.2795 236.55647 -295.91831 141882.96 -128193 19436.3 -147630 902.59197
0.28 235.36959 -150.55123 141808.45 -128168 19338.8 -147507 904.58737
0.2805 237.1548 -280.21728 141726.67 -128164 19485.5 -147650 904.80898
0.281 237.79304 -490.44961 141630.24 -128084 19537.9 -147622 905.06587
0.2815 238.7235 23.272282 141538.06 -128255 19614.4 -147869 906.41117
0.282 235.56861 -28.630569 141503.42 -128371 19355.2 -147726 909.71072
0.2825 231.80497 -194.89187 141517.5 -128219 19045.9 -147265 912.5882
0.283 238.78076 -497.36848 141528.6 -128220 19619.1 -147839 916.44515
0.2835 235.4346 -94.794776 141528.01 -128310 19344.2 -147654 917.90856
0.284 236.32839 -166.77096 141551.82 -128356 19417.6 -147774 919.81067
0.2845 236.75714 -175.74029 141570.67 -128289 19452.8 -147742 922.53627
0.285 235.01327 -232.83362 141563.8 -128165 19309.5 -147475 925.44158
0.2855 238.50988 -299.2956 141573.36 -128046 19596.8 -147643 927.99531
0.286 235.82043 15.07807 141661.49 -127954 19375.9 -147330 929.77644
0.2865 234.18801 -343.25466 141812.15 -127914 19241.7 -147156 932.7861
0.287 234.3201 -2.0289625 141960.46 -127792 19252.6 -147044 935.20474
0.2875 237.91898 -924.30592 142113.75 -127878 19548.3 -147426 937.40677
0.288 237.33959 -503.70056 142185.58 -128027 19500.7 -147528 938.29242
0.2885 236.89243 -942.20931 142200.06 -128174 19463.9 -147638 940.46519
0.289 242.08676 -861.48008 142187.98 -128080 19890.7 -147970 942.90044
0.2895 237.43581 -299.83621 142184.99 -128137 19508.6 -147646 945.19546
0.29 236.62744 113.24175 142192.02 -128248 19442.2 -147690 945.85216
0.2905 236.10736 52.65568 142191.97 -128286 19399.4 -147685 947.6911
0.291 234.46843 221.32542 142126.23 -128187 19264.8 -147451 949.26428
0.2915 235.26175 -487.95147 142070.19 -128212 19330 -147542 951.41089
0.292 236.18465 -105.71371 142004 -128286 19405.8 -147692 953.37594
0.2925 234.33992 -55.768693 141972.72 -128148 19254.2 -147402 955.29122
0.293 237.63211 251.5491 141881.85 -128190 19524.7 -147715 956.64889
0.2935 237.05512 -184.83296 141816.29 -128364 19477.3 -147841 960.31396
0.294 230.08172 -193.64586 141732.06 -128390 18904.3 -147294 961.91541
0.2945 237.12473 287.88135 141654.59 -128419 19483 -147903 963.48575
0.295 239.99657 -527.64461 141645.28 -128497 19719 -148216 965.15056
0.2955 238.56863 -271.02791 141600.34 -128324 19601.7 -147926 964.76833
0.296 235.6991 -237.14762 141516.23 -128223 19365.9 -147588 965.9767
0.2965 240.02118 -284.40855 141462.21 -128210 19721 -147931 967.27471
0.297 237.80569 -371.49599 141408.42 -128343 19539 -147882 968.82563
0.2975 238.648 -319.07794 141366.41 -128352 19608.2 -147961 969.71589
0.298 235.81922 119.62941 141363.24 -128211 19375.8 -147587 972.17071
0.2985 236.81439 -138.25747 141350.85 -128225 19457.5 -147683 972.14234
0.299 236.56775 -37.993771 141315.01 -128112 19437.3 -147550 973.28345
0.2995 238.27447 -18.061961 141254.5 -128074 19577.5 -147652 973.75024
0.3 235.53005 31.392929 141195.53 -128104 19352 -147456 972.90628
0.3005 240.87271 -25.111165 141113.49 -128220 19791 -148011 974.03836
0.301 236.09108 -141.88463 141039.45 -128097 19398.1 -147495 975.21808
0.3015 239.82356 154.69147 140996.74 -128068 19704.8 -147772 975.40523
0.302 235.8762 245.96768 141020.33 -128152 19380.4 -147533 976.619
0.3025 236.78578 229.38173 141179.19 -128063 19455.2 -147518 979.62807
0.303 235.23908 -192.977 141484.7 -128086 19328.1 -147414 982.19043
0.3035 231.09711 -334.57753 141834.6 -128157 18987.8 -147144 984.89149
0.304 233.54212 -322.06467 142146.55 -128274 19188.7 -147463 986.29961
0.3045 235.43581 -598.09522 142342.03 -128394 19344.3 -147738 988.48496
0.305 229.87293 -329.41009 142428.14 -128215 18887.2 -147102 991.02194
0.3055 236.45039 -535.07807 142405.33 -128147 19427.6 -147575 991.76213
0.306 232.34989 -272.34117 142304.27 -128286 19090.7 -147377 992.46664
0.3065 235.25136 -319.57438 142196.27 -128398 19329.1 -147728 991.80798
0.307 234.94636 -356.18826 142112.21 -128313 19304 -147617 992.04275
0.3075 235.79889 -453.69037 141943.29 -128442 19374.1 -147816 993.63127
0.308 237.12707 -140.23457 141761.98 -128558 19483.2 -148042 995.85061
0.3085 230.53681 -249.16449 141623.47 -128624 18941.7 -147565 996.66838
0.309 234.62611 7.2670994 141431.56 -128612 19277.7 -147889 997.58695
0.3095 235.02126 45.716431 141242.55 -128671 19310.2 -147981 997.79332
0.31 235.47616 -71.781716 141068.25 -128677 19347.6 -148025 998.29137
0.3105 233.80653 57.32195 140929.24 -128630 19210.4 -147841 999.68682
0.311 236.84315 319.59578 140887.96 -128578 19459.9 -148038 1001.9413
0.3115 238.1928 -602.25981 140967.94 -128547 19570.8 -148118 1004.1894
0.312 238.74673 -87.059882 141048.41 -128481 19616.3 -148097 1005.7749
0.3125 239.39652 -293.25405 141103.43 -128513 19669.7 -148182 1007.8688
0.313 236.38328 150.93315 141133.56 -128453 19422.1 -147875 1008.0405
0.3135 238.26854 -19.010331 141186.79 -128526 19577 -148103 1008.6528
0.314 236.28934 -336.11547 141312.14 -128621 19414.4 -148036 1010.4594
0.3145 236.70331 -371.08264 141427.72 -128618 19448.4 -148066 1011.8578
0.315 236.73795 189.10745 141482.58 -128561 19451.2 -148013 1012.8082
0.3155 231.41897 -183.70312 141576.96 -128653 19014.2 -147667 1013.3145
0.316 232.81382 -354.66686 141667.67 -128687 19128.8 -147816 1014.9643
0.3165 237.86724 -423.15595 141681.95 -128554 19544 -148098 1015.4459
0.317 234.77277 -521.36974 141684.14 -128538 19289.8 -147827 1017.0346
0.3175 232.58309 111.74564 141665 -128556 19109.9 -147666 1015.7124
0.318 238.69737 -704.65285 141635.01 -128534 19612.2 -148146 1016.5064
0.3185 233.81308 398.95992 141548.92 -128684 19210.9 -147895 1018.1559
0.319 233.32569 -46.746802 141514.99 -128764 19170.9 -147935 1019.4792
0.3195 234.44898 -268.19468 141439.47 -128673 19263.2 -147937 1019.8754
0.32 235.78217 26.030292 141355.85 -128721 19372.7 -148094 1019.9305
0.3205 231.7641 159.69759 141310.31 -128756 19042.6 -147798 1021.8735
0.321 236.70534 21.096219 141323.53 -128674 19448.6 -148122 1024.2443
0.3215 233.6944 7.8159328 141340.34 -128798 19201.2 -148000 1025.9815
0.322 229.15939 336.8632 141305.26 -128708 18828.6 -147537 1028.2717
0.3225 231.35771 -452.17371 141262.86 -128706 19009.2 -147715 1030.1064
0.323 237.54527 -123.44846 141210.28 -128698 19517.6 -148216 1031.4737
0.3235 234.39983 124.03118 141258.98 -128707 19259.1 -147966 1033.0821
0.324 230.6944 -119.17846 141386.64 -128705 18954.7 -147659 1035.1468
0.3245 228.68704 -636.24273 141549.6 -128766 18789.8 -147556 1035.4634
0.325 236.40309 -428.95386 141620.18 -128802 19423.7 -148226 1036.7651
0.3255 236.10388 -337.20599 141641.68 -128747 19399.1 -148146 1038.8037
0.326 235.05124 64.512947 141635.84 -128580 19312.7 -147892 1040.6237
0.3265 233.61868 -165.09904 141635.79 -128669 19195 -147864 1044.2175
0.327 238.11148 -399.92226 141605.14 -128598 19564.1 -148162 1046.1501
0.3275 233.96863 -16.230906 141540.99 -128577 19223.7 -147800 1047.2621
0.328 232.38671 47.206614 141511.46 -128560 19093.7 -147654 1049.2041
0.3285 234.25419 -276.9721 141542.99 -128628 19247.2 -147875 1051.5459
0.329 237.8238 -129.83103 141568.84 -128665 19540.5 -148206 1052.6397
0.3295 232.26181 -376.15197 141598.62 -128734 19083.5 -147817 1056.3515
0.33 231.49847 -151.06315 141650.91 -128690 19020.8 -147711 1057.0215
0.3305 236.16115 -245.60473 141683.19 -128643 19403.9 -148046 1059.0796
0.331 235.63391 -220.11647 141650.65 -128651 19360.5 -148011 1060.9693
0.3315 234.82919 -583.96424 141617.69 -128695 19294.4 -147990 1062.5555
0.332 229.60343 87.103433 141572.6 -128792 18865 -147657 1064.5898
0.3325 233.7847 -35.154908 141545.5 -128823 19208.6 -148031 1065.8598
0.333 232.81626 -467.96723 141551.12 -128787 19129 -147916 1066.6299
0.3335 229.17337 -305.08125 141494.29 -128941 18829.7 -147771 1067.3866
0.334 234.99561 -607.04197 141422.14 -128744 19308.1 -148052 1068.2487
0.3345 235.36753 -58.326729 141328.14 -128675 19338.6 -148013 1067.8846
0.335 229.12342 -430.39466 141274.17 -128761 18825.6 -147587 1069.5658
0.3355 235.79111 -557.3274 141235.09 -128721 19373.5 -148094 1070.701
0.336 233.92468 -246.61538 141200.61 -128734 19220.1 -147954 1071.2802
0.3365 232.59301 23.273759 141168.79 -128791 19110.7 -147902 1072.4153
0.337 234.3382 -68.409735 141126.59 -128697 19254.1 -147951 1073.4315
0.3375 237.11575 14.949066 141082.1 -128656 19482.3 -148139 1074.3032
0.338 231.66015 456.12506 141023.02 -128618 19034 -147652 1074.2888
0.3385 234.05573 177.0116 141035.56 -128607 19230.9 -147838 1075.9773
0.339 230.72276 -85.565469 141078.53 -128658 18957 -147615 1078.5907
0.3395 231.79304 -443.05489 141122.38 -128606 19045 -147651 1081.4391
0.34 231.8589 99.295601 141183.7 -128632 19050.4 -147682 1082.2824
0.3405 237.56349 -187.19364 141295.57 -128586 19519.1 -148105 1084.9552
0.341 234.15503 -79.34084 141352.02 -128678 19239 -147917 1086.7885
0.3415 233.51929 -592.20724 141396.81 -128721 19186.8 -147908 1089.2579
0.342 234.11206 -199.92865 141477.11 -128771 19235.5 -148007 1090.9677
0.3425 231.73088 179.07615 141579.94 -128769 19039.8 -147809 1092.6831
0.343 235.83451 -118.1345 141774.06 -128716 19377 -148093 1095.5171
0.3435 236.22673 -60.868559 141966.76 -128695 19409.2 -148104 1096.3839
0.344 234.97341 -701.96544 142102.46 -128825 19306.3 -148131 1098.5877
0.3445 232.61967 -522.70207 142155.95 -128715 19112.9 -147828 1100.7304
0.345 230.36643 -647.64477 142144.58 -128775 18927.7 -147703 1101.9386
0.3455 232.58894 -133.47644 142044.8 -128893 19110.3 -148003 1103.1422
0.346 231.7713 -564.39886 141936.22 -129022 19043.2 -148066 1105.1091
0.3465 231.3837 -369.92798 141801.28 -128914 19011.3 -147925 1106.6301
0.347 235.83149 -318.95275 141652.93 -128855 19376.8 -148232 1107.0441
0.3475 232.24528 -322.87546 141505.19 -128890 19082.1 -147972 1107.4393
0.348 234.68226 -484.08167 141322.88 -128936 19282.3 -148218 1108.8796
0.3485 232.85607 -320.73821 141131.76 -128918 19132.3 -148050 1110.822
0.349 233.735 -204.19044 140943.16 -128938 19204.5 -148142 1110.2145
0.3495 234.76222 500.61092 140841.77 -128799 19288.9 -148088 1110.1863
0.35 233.28238 -289.76818 140882.38 -128717 19167.3 -147884 1111.8872
0.3505 236.31454 98.094376 140956.48 -128772 19416.5 -148189 1112.1759
0.351 233.83613 -152.05848 141051.17 -128842 19212.8 -148054 1115.8889
0.3515 232.946 -339.13601 141130.09 -128946 19139.7 -148086 1119.0746
0.352 236.85583 -110.86295 141143.17 -128950 19460.9 -148411 1120.1787
0.3525 230.13948 2.2477745 141142.47 -128821 18909.1 -147730 1120.6165
0.353 236.01661 -420.63428 141215.11 -128724 19392 -148116 1122.2705
0.3535 232.98288 132.34841 141235.57 -128607 19142.7 -147749 1124.0867
0.354 234.33614 -751.75619 141241.88 -128797 19253.9 -148051 1125.7705
0.3545 232.71648 -15.515709 141216.99 -128659 19120.8 -147780 1127.1157
0.355 235.62614 -119.53281 141180.45 -128568 19359.9 -147928 1129.7992
0.3555 234.56343 46.800646 141181.79 -128670 19272.6 -147943 1132.5529
0.356 235.55277 71.08599 141220.23 -128543 19353.9 -147897 1135.0671
0.3565 239.17663 -14.230155 141305.34 -128449 19651.6 -148101 1137.1736
0.357 234.19792 -77.127081 141367.41 -128577 19242.5 -147820 1138.3669
0.3575 232.74681 -412.58489 141429.48 -128616 19123.3 -147739 1138.7927
0.358 236.78915 20.174062 141546.67 -128663 19455.5 -148119 1140.5469
0.3585 235.41463 -43.852125 141717.03 -128531 19342.5 -147873 1142.6314
0.359 232.51725 123.74354 141905.94 -128400 19104.5 -147504 1145.0552
0.3595 236.31344 -196.73586 142086.35 -128481 19416.4 -147898 1146.5546
0.36 230.96937 6.1411507 142212.17 -128525 18977.3 -147502 1147.6316
0.3605 233.66758 -218.49436 142269.43 -128678 19199 -147877 1150.6929
0.361 231.6171 -223.99531 142213.64 -128574 19030.5 -147604 1152.7727
0.3615 228.99434 38.23313 142149.52 -128504 18815 -147319 1153.1453
0.362 239.39793 -10.065811 142048.67 -128565 19669.8 -148235 1153.6691
0.3625 235.87577 -226.49829 141898.24 -128507 19380.4 -147887 1153.5688
0.363 233.52168 37.667432 141727.17 -128610 19187 -147797 1154.4611
0.3635 237.38305 -110.78706 141594.01 -128522 19504.3 -148026 1156.1365
0.364 230.94237 -338.24429 141472.98 -128546 18975.1 -147521 1157.8981
0.3645 234.40933 -132.21406 141386.18 -128487 19259.9 -147747 1159.3
0.365 234.33362 -36.831303 141298.9 -128487 19253.7 -147740 1158.3125
0.3655 239.30023 210.73009 141277.77 -128425 19661.8 -148086 1159.1343
0.366 236.62631 -256.92264 141348.91 -128309 19442.1 -147751 1159.8813
0.3665 233.16093 -398.61199 141478.98 -128332 19157.3 -147490 1163.8987
0.367 237.10932 -224.97776 141618.27 -128340 19481.8 -147822 1166.4632
0.3675 233.67936 -15.371754 141711.61 -128431 19199.9 -147631 1168.044
0.368 234.14828 104.70349 141845.37 -128386 19238.5 -147625 1170.0537
0.3685 235.166 7.9331793 142029.11 -128349 19322.1 -147671 1171.7086
0.369 236.18992 -372.82977 142183.16 -128398 19406.2 -147804 1172.1968
0.3695 233.32108 -413.06134 142332.47 -128418 19170.5 -147589 1174.1824
0.37 231.68803 -396.88956 142369.98 -128563 19036.3 -147599 1176.0587
0.3705 236.1279 -160.19323 142316.98 -128609 19401.1 -148010 1179.755
0.371 234.65575 -26.703899 142199.42 -128533 19280.2 -147813 1181.517
0.3715 231.96254 -188.76429 142068.34 -128539 19058.9 -147598 1182.0573
0.372 233.82086 312.95522 141920.27 -128555 19211.6 -147767 1181.5767
0.3725 236.45522 -254.26831 141859.36 -128515 19428 -147943 1182.639
0.373 237.36737 -265.82898 141773.66 -128610 19503 -148113 1183.5749
0.3735 232.6748 -155.68973 141663.65 -128522 19117.4 -147640 1184.6615
0.374 237.8038 118.71248 141538.18 -128514 19538.8 -148053 1184.8667
0.3745 235.42016 -352.59426 141433.31 -128602 19343 -147945 1186.0295
0.375 239.67649 -97.847104 141288.54 -128599 19692.7 -148292 1186.3615
0.3755 237.28375 27.267618 141167.15 -128513 19496.1 -148009 1188.1749
0.376 235.72212 67.502493 141079.67 -128573 19367.8 -147941 1189.3743
0.3765 232.14544 -290.17022 141075.27 -128480 19073.9 -147554 1189.5217
0.377 235.92461 150.75358 141122.83 -128494 19384.4 -147878 1190.6254
0.3775 233.56063 -510.79283 141282.18 -128548 19190.2 -147738 1192.2979
0.378 236.08019 -293.49337 141460.28 -128668 19397.2 -148065 1193.8818
0.3785 235.19285 -289.35746 141681.16 -128765 19324.3 -148089 1196.0529
0.379 233.40114 -282.55289 141901.26 -128831 19177.1 -148008 1198.1035
0.3795 232.43338 -397.25335 142086.76 -128834 19097.6 -147931 1197.8715
0.38 227.68233 -356.61108 142216.83 -128847 18707.2 -147554 1199.2779
0.3805 232.51125 -52.386813 142253.32 -128890 19104 -147994 1200.9888
0.381 233.45893 -231.11806 142209.18 -128954 19181.8 -148136 1201.0516
0.3815 233.47099 -655.99914 142106.39 -128788 19182.8 -147971 1202.1592
0.382 232.70832 -282.48148 141884.06 -128796 19120.2 -147916 1202.1555
0.3825 231.21558 -165.94947 141633.35 -129029 18997.5 -148026 1202.3193
0.383 228.48904 -34.887584 141346.92 -129074 18773.5 -147848 1204.3606
0.3835 232.03724 -222.55629 141093.24 -129113 19065 -148178 1204.4759
0.384 230.99669 -164.79319 140885.27 -129172 18979.5 -148152 1204.589
0.3845 236.01889 109.33105 140706.43 -128985 19392.2 -148377 1204.4276
0.385 234.7127 94.483725 140582.66 -129080 19284.8 -148365 1204.6862
0.3855 232.80202 -303.68096 140524.98 -129229 19127.9 -148357 1205.1646
0.386 231.71684 166.08875 140475.61 -129187 19038.7 -148226 1206.3796
0.3865 232.14166 -146.52266 140471.24 -129150 19073.6 -148224 1207.2637
0.387 238.90484 -125.08491 140537.36 -129056 19629.3 -148685 1208.6154
0.3875 235.57099 -14.101741 140682.31 -129006 19355.4 -148361 1209.0793
0.388 233.72165 -223.87188 140873.04 -128962 19203.4 -148165 1209.6923
0.3885 232.24801 -196.05109 141058.11 -128983 19082.3 -148065 1212.4859
0.389 239.17499 -362.70779 141273.6 -128988 19651.5 -148640 1214.2471
0.3895 232.42019 -811.41472 141506.08 -128888 19096.5 -147984 1217.3672
0.39 232.39758 -399.52071 141593.87 -128940 19094.6 -148035 1218.5972
0.3905 232.65861 24.728482 141625.19 -128867 19116.1 -147983 1218.478
0.391 232.29493 -352.80451 141654.49 -128876 19086.2 -147962 1219.0082
0.3915 228.23702 -412.04998 141680.25 -128720 18752.8 -147473 1221.331
0.392 233.86782 -523.59298 141685.5 -128745 19215.4 -147960 1222.299
0.3925 234.50123 -262.79103 141630.58 -128809 19267.5 -148076 1223.4823
0.393 232.42143 13.419253 141475.39 -129077 19096.6 -148174 1224.3292
0.3935 228.13054 -120.02807 141263 -129131 18744 -147875 1223.6195
0.394 235.81927 -210.31419 141054.91 -129180 19375.8 -148556 1224.8104
0.3945 233.87683 59.07972 140846.01 -129201 19216.2 -148417 1226.5886
0.395 229.16971 142.39751 140686.25 -129171 18829.4 -148001 1227.7964
0.3955 234.96229 252.3074 140585.14 -129233 19305.4 -148539 1229.8756
0.396 231.36987 104.47704 140574.71 -129266 19010.2 -148276 1230.9389
0.3965 233.18185 -40.540519 140599.01 -129150 19159.1 -148309 1231.3032
0.397 231.52078 34.88924 140650.99 -129229 19022.6 -148251 1232.7883
0.3975 231.02363 -415.37221 140701.37 -129262 18981.7 -148243 1234.5828
0.398 234.36495 -35.101368 140697.47 -129343 19256.3 -148599 1235.6643
0.3985 233.74391 72.441575 140768.45 -129127 19205.2 -148332 1236.8858
0.399 229.74723 102.07186 140880.45 -129162 18876.9 -148039 1238.7452
0.3995 235.1186 -42.007477 140990.91 -129098 19318.2 -148417 1240.5358
0.4 233.26238 -442.19402 141136.65 -128952 19165.7 -148118 1242.7915
0.4005 235.39655 -446.73881 141294.44 -128833 19341 -148174 1245.2722
0.401 232.37599 -188.67905 141453.8 -128884 19092.9 -147976 1248.3782
0.4015 235.3069 -74.239041 141573.34 -128832 19333.7 -148165 1250.9922
0.402 236.6107 -494.85055 141665.04 -128828 19440.8 -148269 1254.0429
0.4025 233.3552 29.664523 141711.11 -128559 19173.3 -147733 1255.9878
0.403 233.11696 44.265416 141774.12 -128606 19153.7 -147760 1258.2072
0.4035 234.44695 18.489812 141849.56 -128531 19263 -147794 1260.7995
0.404 233.23712 -520.26431 141942.66 -128572 19163.6 -147735 1261.6887
0.4045 238.09234 -228.61944 141964.59 -128500 19562.5 -148063 1263.2293
0.405 232.8174 -119.73832 141915.8 -128656 19129.1 -147785 1264.5844
0.4055 234.1826 -431.48033 141814.15 -128721 19241.3 -147962 1265.0794
0.406 232.02629 -259.00063 141708.59 -128679 19064.1 -147743 1265.9615
0.4065 234.82798 108.40237 141569.82 -128723 19294.3 -148017 1266.767
0.407 236.1418 126.94636 141427.05 -128622 19402.3 -148024 1266.7117
0.4075 233.8217 183.45625 141317.61 -128675 19211.6 -147887 1268.0573
0.408 236.6032 -2.4233362 141222.04 -128769 19440.2 -148209 1271.5308
0.4085 235.21741 -72.786376 141200.63 -128795 19326.3 -148121 1274.2815
0.409 233.61794 135.97794 141240.55 -128675 19194.9 -147870 1275.7542
0.4095 235.89034 -197.9599 141323.92 -128516 19381.6 -147898 1275.4161
0.41 231.57125 264.12387 141427.23 -128485 19026.7 -147512 1277.4412
0.4105 233.84289 129.23612 141555.85 -128546 19213.4 -147759 1279.4471
0.411 239.03238 -10.553321 141696.34 -128501 19639.8 -148141 1280.5523
0.4115 235.70767 -494.2934 141824.76 -128341 19366.6 -147708 1282.5057
0.412 235.1849 -380.10682 141911.58 -128406 19323.6 -147730 1284.0836
0.4125 233.54236 -294.01023 141966.4 -128388 19188.7 -147577 1284.6726
0.413 235.5947 103.36371 141988.87 -128390 19357.3 -147747 1286.7363
0.4135 235.60816 -150.43846 141977.34 -128388 19358.4 -147747 1287.6249
0.414 241.07323 -517.69098 141972.17 -128387 19807.4 -148195 1287.4165
0.4145 233.01299 -305.09046 141979.26 -128496 19145.2 -147641 1287.6554
0.415 233.59872 -45.101117 141925.14 -128568 19193.3 -147761 1287.1363
0.4155 233.98184 -200.36381 141856.72 -128631 19224.8 -147856 1289.0445
0.416 232.07409 60.371876 141779.04 -128682 19068 -147750 1289.8225
0.4165 232.0328 -55.668453 141624.94 -128579 19064.7 -147644 1289.8352
0.417 232.47832 -237.50947 141493.83 -128645 19101.3 -147746 1291.3722
0.4175 236.56806 -89.869082 141353.87 -128711 19437.3 -148148 1291.8548
0.418 235.6363 -265.1773 141271.55 -128651 19360.7 -148012 1292.9013
0.4185 230.87491 -99.726162 141224.05 -128567 18969.5 -147536 1293.4129
0.419 235.70828 -493.68235 141231.33 -128640 19366.6 -148007 1295.3884
0.4195 237.29005 -377.79275 141191.21 -128719 19496.6 -148215 1295.699
0.42 235.64622 -64.341794 141134.96 -128676 19361.5 -148037 1296.8964
0.4205 235.06173 -153.9957 141148.56 -128756 19313.5 -148070 1298.6712
0.421 236.13921 -348.94565 141231.58 -128765 19402.1 -148167 1298.895
0.4215 239.77823 376.06864 141343.95 -128592 19701 -148293 1298.9368
0.422 236.75712 184.74081 141480.8 -128494 19452.8 -147947 1301.591
0.4225 237.08702 -470.86198 141618.35 -128541 19479.9 -148021 1305.0886
0.423 234.21358 -282.69499 141724.3 -128612 19243.8 -147855 1306.5332
0.4235 230.90857 -307.12729 141878.29 -128583 18972.3 -147555 1308.1402
0.424 234.35234 -342.09861 142029.17 -128595 19255.2 -147850 1310.2217
0.4245 235.47847 -632.18264 142138.65 -128519 19347.8 -147867 1313.8489
0.425 236.33008 -224.64959 142188.02 -128582 19417.7 -148000 1312.6071
0.4255 235.42373 -258.13704 142226.22 -128604 19343.3 -147948 1313.1799
0.426 233.57121 -7.3279893 142186.81 -128546 19191.1 -147737 1314.6533
0.4265 234.36447 -380.8654 142111.09 -128581 19256.2 -147837 1315.8447
0.427 229.27719 -438.95044 142005.44 -128500 18838.2 -147338 1317.2095
0.4275 231.85665 125.27147 141897.34 -128609 19050.2 -147659 1318.9849
0.428 232.42449 -133.92157 141793.63 -128669 19096.8 -147766 1320.866
0.4285 239.55681 -186.69486 141686.4 -128646 19682.9 -148329 1323.4929
0.429 230.69654 -421.33619 141589.78 -128736 18954.9 -147691 1325.9455
0.4295 230.33633 -18.789477 141460.27 -128672 18925.3 -147597 1328.0151
0.43 232.49489 531.87269 141315.45 -128741 19102.6 -147843 1327.5802
0.4305 238.00651 318.91634 141264.89 -128761 19555.5 -148317 1327.825
0.431 233.89308 -87.413421 141294.87 -128806 19217.5 -148023 1328.2551
0.4315 236.03567 52.283823 141316.79 -128890 19393.5 -148284 1330.0043
0.432 234.05884 -107.82274 141392.45 -128939 19231.1 -148170 1331.6753
0.4325 237.14163 -312.74707 141482.77 -128852 19484.4 -148336 1332.2236
0.433 232.72193 81.262872 141549.6 -128964 19121.3 -148085 1332.6932
0.4335 235.92239 213.45533 141570.41 -128821 19384.2 -148205 1334.196
0.434 232.07034 -168.45787 141557.73 -128813 19067.7 -147881 1335.677
0.4345 234.666 -405.8256 141545.28 -128732 19281 -148013 1337.1563
0.435 232.82181 -139.49537 141489.14 -128831 19129.5 -147961 1337.8347
0.4355 232.10284 -151.67764 141426.3 -128774 19070.4 -147844 1338.2261
0.436 234.4812 -160.06418 141354.31 -128620 19265.8 -147886 1337.5731
0.4365 237.88061 -319.37067 141251.14 -128677 19545.1 -148223 1339.3506
0.437 234.65383 -163.71135 141138.33 -128648 19280 -147928 1339.8804
0.4375 231.68882 -38.556821 141064.34 -128687 19036.4 -147724 1340.6717
0.438 233.77197 -319.97453 141061.47 -128628 19207.6 -147835 1342.426
0.4385 234.23513 -361.14299 141068.86 -128517 19245.6 -147762 1344.2783
0.439 240.12711 399.29978 141073.63 -128367 19729.7 -148097 1346.4786
0.4395 240.25589 99.896016 141135.77 -128411 19740.3 -148151 1348.0265
0.44 235.92271 -19.218481 141194.63 -128468 19384.3 -147852 1349.5475
0.4405 237.07665 -190.71108 141203.74 -128369 19479.1 -147848 1350.3542
0.441 237.42047 -214.0536 141209.26 -128359 19507.3 -147866 1350.8311
0.4415 234.44351 -51.016737 141250.94 -128469 19262.7 -147731 1352.7961
0.442 239.15397 -401.69984 141249.94 -128420 19649.8 -148070 1353.7941
0.4425 235.48305 -242.04452 141209.4 -128408 19348.1 -147756 1355.4991
0.443 238.48262 -40.989089 141168.77 -128396 19594.6 -147990 1356.8489
0.4435 238.46053 -3.4219982 141168.97 -128411 19592.8 -148003 1358.667
0.444 239.61397 -405.88358 141248.28 -128485 19687.6 -148173 1360.3851
0.4445 235.85252 -102.1352 141368.34 -128569 19378.5 -147948 1362.171
0.445 234.15201 147.90059 141502.81 -128556 19238.8 -147795 1363.6994
0.4455 234.98588 56.609782 141649.37 -128565 19307.3 -147873 1364.4906
0.446 232.91511 194.00194 141755.46 -128565 19137.1 -147702 1366.7977
0.4465 231.71467 38.843927 141852.31 -128583 19038.5 -147622 1368.2085
0.447 233.27383 126.51777 141882.79 -128587 19166.6 -147754 1371.1698
0.4475 234.20487 -233.79527 141855.55 -128403 19243.1 -147646 1373.3574
0.448 235.50407 168.20193 141800.25 -128335 19349.9 -147684 1373.4364
0.4485 232.1155 -7.3718113 141734.04 -128272 19071.5 -147343 1374.3177
0.449 241.60175 -70.664292 141646.06 -128252 19850.9 -148103 1375.4156
0.4495 238.60784 122.4979 141549.67 -128270 19604.9 -147875 1377.8761
0.45 237.7699 226.78564 141437.75 -128293 19536 -147829 1378.0635
0.4505 235.00421 -4.5430263 141363.24 -128262 19308.8 -147570 1378.1586
0.451 239.8364 -111.49701 141422.59 -128228 19705.8 -147934 1378.7403
0.4515 236.26942 -159.57056 141516.9 -128265 19412.8 -147678 1380.4779
0.452 238.49655 -133.35021 141567.14 -128180 19595.7 -147775 1381.6619
0.4525 236.02384 -149.86678 141613.85 -128172 19392.6 -147565 1384.688
0.453 235.37243 -656.88271 141601.61 -128037 19339.1 -147376 1386.5693
0.4535 231.75165 -287.79403 141529.68 -128099 19041.6 -147141 1387.8109
0.454 236.21589 -214.89945 141436.21 -128021 19408.4 -147430 1388.8557
0.4545 236.57401 -164.81527 141362.11 -128078 19437.8 -147515 1390.935
0.455 234.58015 -73.873613 141297.35 -128119 19274 -147393 1392.2772
0.4555 238.39561 -252.20917 141237.52 -128144 19587.4 -147731 1393.3422
0.456 240.69511 -210.67931 141161.32 -128121 19776.4 -147898 1393.9966
0.4565 236.70362 206.92741 141045.96 -128205 19448.4 -147654 1394.5139
0.457 235.38451 -173.49174 140913.31 -128396 19340 -147736 1394.6896
0.4575 237.33749 48.983028 140822.22 -128458 19500.5 -147958 1394.7937
0.458 235.06216 463.85512 140782.28 -128371 19313.6 -147684 1395.8649
0.4585 238.59785 22.526908 140865.89 -128323 19604.1 -147927 1398.506
0.459 240.06475 -197.85968 140987.7 -128314 19724.6 -148038 1399.0742
0.4595 232.56307 -128.15329 141180.03 -128411 19108.2 -147519 1402.3716
0.46 237.13574 -477.52939 141431.01 -128528 19483.9 -148012 1403.896
0.4605 234.00156 -153.6781 141629.83 -128564 19226.4 -147791 1406.809
0.461 236.93071 -103.4082 141821.79 -128468 19467.1 -147935 1409.5475
0.4615 239.32629 -441.90372 142006.41 -128561 19663.9 -148225 1411.4895
0.462 237.94663 -326.40028 142154.63 -128646 19550.6 -148197 1413.1914
0.4625 231.84561 -449.81435 142265.73 -128687 19049.3 -147736 1416.089
0.463 231.35046 -416.91938 142298.22 -128754 19008.6 -147762 1417.1307
0.4635 230.32471 -450.55106 142246.36 -128800 18924.3 -147725 1416.2863
0.464 232.71181 111.37092 142104.93 -128816 19120.4 -147936 1417.1425
0.4645 231.8093 -26.920848 141906.23 -128880 19046.3 -147927 1415.7144
0.465 232.27596 -462.7567 141687.44 -128811 19084.6 -147896 1418.313
0.4655 229.848 46.743137 141444.14 -128776 18885.1 -147661 1418.9845
0.466 231.84811 189.95125 141240.17 -128961 19049.5 -148011 1419.9927
0.4665 231.03614 -62.241276 141110.1 -128852 18982.8 -147834 1419.4603
0.467 237.54037 -218.32518 140981.03 -128782 19517.2 -148299 1420.6633
0.4675 236.14115 -122.78042 140877.13 -128699 19402.2 -148101 1421.5983
0.468 234.0098 63.283172 140845.21 -128574 19227.1 -147801 1421.9026
0.4685 236.60173 -54.856945 140908.28 -128658 19440.1 -148098 1423.6057
0.469 229.37817 -239.28043 141016 -128584 18846.5 -147430 1427.1432
0.4695 236.49557 272.28191 141123.56 -128604 19431.3 -148035 1428.1549
0.47 232.15901 -606.6299 141284.79 -128671 19075 -147746 1432.7269
0.4705 234.22369 78.073104 141386.7 -128577 19244.7 -147822 1436.166
0.471 234.80835 -123.94572 141501.53 -128740 19292.7 -148033 1439.1087
0.4715 236.64073 -312.59128 141582.2 -128614 19443.3 -148057 1440.7154
0.472 233.36852 -83.125251 141644.81 -128655 19174.4 -147829 1442.325
0.4725 236.46338 -62.342148 141705.1 -128692 19428.7 -148120 1442.8615
0.473 237.22721 17.850016 141752.55 -128496 19491.4 -147988 1445.4696
0.4735 232.54639 -67.641991 141816.51 -128538 19106.9 -147644 1447.313
0.474 236.5593 -324.0768 141940.53 -128499 19436.6 -147935 1448.4821
0.4745 234.88138 -188.17934 142058.2 -128414 19298.7 -147713 1450.5475
0.475 237.49705 -470.1881 142108.09 -128397 19513.6 -147911 1450.7242
0.4755 236.04546 -170.10908 142101.97 -128270 19394.4 -147665 1453.5881
0.476 235.80917 -603.23241 142056.48 -128444 19374.9 -147819 1455.1702
0.4765 237.23411 -378.24029 141909.45 -128419 19492 -147911 1455.4696
0.477 240.33529 -282.6869 141707.45 -128458 19746.8 -148205 1455.4685
0.4775 234.23677 -216.84134 141563.68 -128459 19245.7 -147704 1455.9716
0.478 234.26823 9.0620692 141515.7 -128502 19248.3 -147750 1454.9927
0.4785 236.11035 -318.63027 141541.92 -128425 19399.7 -147824 1457.6736
0.479 234.32672 -425.79075 141522.82 -128384 19253.1 -147637 1459.2296
0.4795 239.46819 183.56352 141434.75 -128335 19675.6 -148010 1459.0525
0.48 234.03792 -51.614969 141337.21 -128388 19229.4 -147618 1458.9087
0.4805 233.14307 77.316323 141218.84 -128392 19155.9 -147548 1460.7326
0.481 236.0164 -99.826674 141126.58 -128291 19392 -147683 1462.7922
0.4815 233.83787 52.417181 141075.48 -128171 19213 -147384 1463.2359
0.482 236.26841 77.908432 141055.07 -128149 19412.7 -147562 1464.6162
0.4825 236.69406 54.621303 141102.92 -128309 19447.6 -147757 1465.8432
0.483 233.52526 -53.260041 141249.98 -128377 19187.3 -147564 1467.3592
0.4835 235.44217 -309.14923 141405.17 -128459 19344.8 -147804 1469.9672
0.484 233.16144 -165.5345 141582.2 -128503 19157.4 -147660 1472.5134
0.4845 234.69383 -112.70315 141715.31 -128554 19283.3 -147837 1475.1512
0.485 231.88982 -79.189258 141772.72 -128549 19052.9 -147602 1475.7771
0.4855 234.22278 -424.97638 141795.1 -128490 19244.6 -147735 1477.702
0.486 235.49648 -161.02348 141759.23 -128516 19349.2 -147865 1479.3088
0.4865 234.97701 106.0868 141708.54 -128392 19306.6 -147698 1479.9985
0.487 232.64543 -27.663572 141691.14 -128447 19115 -147562 1482.6874
0.4875 236.05337 127.45661 141679.51 -128451 19395 -147846 1485.6755
0.488 235.70914 89.103758 141667.36 -128371 19366.7 -147738 1487.7881
0.4885 234.93455 -186.71618 141642.43 -128301 19303.1 -147604 1488.9968
0.489 240.15844 -68.926678 141601.9 -128383 19732.3 -148115 1489.0081
0.4895 242.78196 -28.101491 141542.29 -128399 19947.8 -148347 1490.488
0.49 236.50157 -432.25083 141511.25 -128227 19431.8 -147658 1491.8599
0.4905 238.47739 94.802031 141463.36 -128155 19594.2 -147749 1492.5198
0.491 238.95662 -683.92217 141387.92 -128146 19633.5 -147780 1493.1956
0.4915 241.00425 -140.27135 141295.87 -128072 19801.8 -147873 1495.4931
0.492 239.71211 205.1512 141251.05 -128048 19695.6 -147743 1498.776
0.4925 244.17547 -127.13666 141257.84 -127851 20062.3 -147914 1500.4275
0.493 237.76798 153.54831 141330.54 -127840 19535.9 -147376 1500.7043
0.4935 234.06343 -152.00799 141436.83 -127807 19231.5 -147039 1502.814
0.494 235.12763 149.93823 141586.33 -128067 19318.9 -147386 1506.0415
0.4945 237.6719 -156.29587 141797.4 -128201 19528 -147729 1506.9381
0.495 232.02687 -114.40713 142030.98 -128178 19064.2 -147242 1506.5532
0.4955 234.86241 -355.54142 142274.09 -128273 19297.1 -147570 1507.0112
0.496 233.54781 -187.49947 142458.86 -128356 19189.1 -147545 1509.0165
0.4965 236.20537 -704.25648 142588.15 -128244 19407.5 -147651 1509.8772
0.497 232.86879 38.842232 142581.91 -128388 19133.3 -147521 1510.6834
0.4975 234.58049 -204.19594 142523.05 -128419 19274 -147693 1512.078
0.498 231.92468 -314.99846 142413.17 -128393 19055.8 -147448 1513.274
0.4985 230.44138 -297.58661 142273.92 -128411 18933.9 -147345 1514.5029
0.499 238.66592 -297.44309 142113.79 -128357 19609.7 -147967 1513.8714
0.4995 238.59467 -372.08922 141942.44 -128254 19603.8 -147858 1515.3494
