0.245	224.939	0.202702
0.74	224.815	0.201474
1.24	224.69	0.200707
1.74	224.565	0.201449
2.24	224.44	0.204501
2.74	224.315	0.207378
3.24	224.19	0.207003
3.74	224.065	0.206541
4.24	223.94	0.208436
4.74	223.815	0.207323
5.24	223.69	0.204652
5.74	223.565	0.205333
6.24	223.44	0.208541
6.74	223.315	0.206993
7.24	223.19	0.208962
7.74	223.065	0.214456
8.24	222.94	0.217093
8.74	222.815	0.210687
9.24	222.69	0.211729
9.74	222.565	0.211273
10.24	222.44	0.214967
10.74	222.315	0.209769
11.24	222.19	0.213494
11.74	222.065	0.210932
12.24	221.94	0.213519
12.74	221.815	0.214501
13.24	221.69	0.215398
13.74	221.565	0.215484
14.24	221.44	0.216807
14.74	221.315	0.213609
15.24	221.19	0.213714
15.74	221.065	0.216266
16.24	220.94	0.271719
16.74	220.815	0.539659
17.24	220.69	0.756511
17.74	220.565	0.780246
18.24	220.44	0.78594
18.74	220.315	0.790446
19.24	220.19	0.790266
19.74	220.065	0.789233
20.24	219.94	0.790416
20.74	219.815	0.790672
21.24	219.69	0.789454
21.74	219.565	0.789569
22.24	219.44	0.791043
22.74	219.315	0.792416
23.24	219.19	0.791574
23.74	219.065	0.791795
24.24	218.94	0.79005
24.74	218.815	0.793043
25.24	218.69	0.792852
25.74	218.565	0.793273
26.24	218.44	0.793734
26.74	218.315	0.792401
27.24	218.19	0.792376
27.74	218.065	0.79203
28.24	217.94	0.79204
28.74	217.815	0.792857
29.24	217.69	0.79411
29.74	217.565	0.79397
30.24	217.44	0.792516
30.74	217.315	0.792997
31.24	217.19	0.79412
31.74	217.065	0.795128
32.24	216.94	0.794667
32.74	216.815	0.796667
33.24	216.69	0.80012
33.74	216.565	0.803018
34.24	216.44	0.805213
34.74	216.315	0.803399
35.24	216.19	0.803584
35.74	216.065	0.807018
36.24	215.94	0.807634
36.74	215.815	0.805679
37.24	215.69	0.802035
37.74	215.565	0.803855
38.24	215.44	0.802321
38.74	215.315	0.803489
39.24	215.19	0.805078
39.74	215.065	0.806406
40.24	214.94	0.806211
40.74	214.815	0.808627
41.24	214.69	0.808987
41.74	214.565	0.808346
42.24	214.44	0.807248
42.74	214.315	0.806617
43.24	214.19	0.807248
43.74	214.065	0.807779
44.24	213.94	0.809559
44.74	213.815	0.808256
45.24	213.69	0.808246
45.74	213.565	0.810566
46.24	213.44	0.809564
46.74	213.315	0.809268
47.24	213.19	0.80782
47.74	213.065	0.809444
48.24	212.94	0.807489
48.74	212.815	0.808421
49.24	212.69	0.808261
49.74	212.565	0.808351
50.24	212.44	0.808055
50.74	212.315	0.810757
51.24	212.19	0.811278
51.74	212.065	0.810972
52.24	211.94	0.808722
52.74	211.815	0.8099
53.24	211.69	0.810727
53.74	211.565	0.81017
54.24	211.44	0.807203
54.74	211.315	0.805774
55.24	211.19	0.807273
55.74	211.065	0.808416
56.24	210.94	0.809193
56.74	210.815	0.812311
57.24	210.69	0.811609
57.74	210.565	0.810982
58.24	210.44	0.812511
58.74	210.315	0.811409
59.24	210.19	0.812291
59.74	210.065	0.811043
