0.245	224.939	0.204872
0.74	224.815	0.207699
1.24	224.69	0.205599
1.74	224.565	0.202491
2.24	224.44	0.208266
2.74	224.315	0.208852
3.24	224.19	0.209348
3.74	224.065	0.204266
4.24	223.94	0.203474
4.74	223.815	0.202251
5.24	223.69	0.205815
5.74	223.565	0.209679
6.24	223.44	0.205559
6.74	223.315	0.206336
7.24	223.19	0.208441
7.74	223.065	0.207368
8.24	222.94	0.204035
8.74	222.815	0.21184
9.24	222.69	0.208902
9.74	222.565	0.21014
10.24	222.44	0.208426
10.74	222.315	0.213203
11.24	222.19	0.215459
11.74	222.065	0.215509
12.24	221.94	0.213454
12.74	221.815	0.214155
13.24	221.69	0.215414
13.74	221.565	0.212652
14.24	221.44	0.21397
14.74	221.315	0.216301
15.24	221.19	0.217499
15.74	221.065	0.214035
16.24	220.94	0.212782
16.74	220.815	0.219569
17.24	220.69	0.216356
17.74	220.565	0.218211
18.24	220.44	0.217594
18.74	220.315	0.21783
19.24	220.19	0.222431
19.74	220.065	0.224917
20.24	219.94	0.218206
20.74	219.815	0.224481
21.24	219.69	0.227208
21.74	219.565	0.224526
22.24	219.44	0.255088
22.74	219.315	0.465333
23.24	219.19	0.762341
23.74	219.065	0.797629
24.24	218.94	0.799208
24.74	218.815	0.800396
25.24	218.69	0.79996
25.74	218.565	0.801779
26.24	218.44	0.803714
26.74	218.315	0.808581
27.24	218.19	0.812075
27.74	218.065	0.812105
28.24	217.94	0.810977
28.74	217.815	0.814867
29.24	217.69	0.814927
29.74	217.565	0.813975
30.24	217.44	0.816371
30.74	217.315	0.816401
31.24	217.19	0.816802
31.74	217.065	0.815704
32.24	216.94	0.818827
32.74	216.815	0.819403
33.24	216.69	0.815133
33.74	216.565	0.817198
34.24	216.44	0.819273
34.74	216.315	0.814742
35.24	216.19	0.817183
35.74	216.065	0.820566
36.24	215.94	0.819353
36.74	215.815	0.819208
37.24	215.69	0.821158
37.74	215.565	0.816361
38.24	215.44	0.819604
38.74	215.315	0.820246
39.24	215.19	0.821965
39.74	215.065	0.820216
40.24	214.94	0.819549
40.74	214.815	0.820316
41.24	214.69	0.821574
41.74	214.565	0.821524
42.24	214.44	0.82216
42.74	214.315	0.823519
43.24	214.19	0.822341
43.74	214.065	0.819063
44.24	213.94	0.822401
44.74	213.815	0.822471
45.24	213.69	0.822957
45.74	213.565	0.824256
46.24	213.44	0.823183
46.74	213.315	0.824376
47.24	213.19	0.824541
47.74	213.065	0.824667
48.24	212.94	0.824521
48.74	212.815	0.82581
49.24	212.69	0.825424
49.74	212.565	0.824937
50.24	212.44	0.828316
50.74	212.315	0.826626
51.24	212.19	0.825719
51.74	212.065	0.825278
52.24	211.94	0.826195
52.74	211.815	0.828647
53.24	211.69	0.827333
53.74	211.565	0.827945
54.24	211.44	0.828246
54.74	211.315	0.82805
55.24	211.19	0.827143
55.74	211.065	0.82998
56.24	210.94	0.828657
56.74	210.815	0.826993
57.24	210.69	0.827724
57.74	210.565	0.829739
58.24	210.44	0.828892
58.74	210.315	0.829619
59.24	210.19	0.828932
59.74	210.065	0.830952
