0.245	224.939	0.203589
0.74	224.815	0.207258
1.24	224.69	0.204852
1.74	224.565	0.203108
2.24	224.44	0.205459
2.74	224.315	0.204982
3.24	224.19	0.203704
3.74	224.065	0.203464
4.24	223.94	0.206837
4.74	223.815	0.207539
5.24	223.69	0.208095
5.74	223.565	0.207143
6.24	223.44	0.209945
6.74	223.315	0.205494
7.24	223.19	0.207574
7.74	223.065	0.21187
8.24	222.94	0.210722
8.74	222.815	0.210366
9.24	222.69	0.211589
9.74	222.565	0.214115
10.24	222.44	0.211303
10.74	222.315	0.20997
11.24	222.19	0.208702
11.74	222.065	0.215353
12.24	221.94	0.214556
12.74	221.815	0.220391
13.24	221.69	0.218902
13.74	221.565	0.21612
14.24	221.44	0.214922
14.74	221.315	0.213779
15.24	221.19	0.215128
15.74	221.065	0.220521
16.24	220.94	0.21789
16.74	220.815	0.22008
17.24	220.69	0.219373
17.74	220.565	0.222336
18.24	220.44	0.222015
18.74	220.315	0.218867
19.24	220.19	0.221519
19.74	220.065	0.220491
20.24	219.94	0.221789
20.74	219.815	0.221734
21.24	219.69	0.221158
21.74	219.565	0.223358
22.24	219.44	0.224697
22.74	219.315	0.224206
23.24	219.19	0.228777
23.74	219.065	0.25193
24.24	218.94	0.545604
24.74	218.815	0.714712
25.24	218.69	0.734872
25.74	218.565	0.73791
26.24	218.44	0.736461
26.74	218.315	0.739945
27.24	218.19	0.742211
27.74	218.065	0.744737
28.24	217.94	0.74391
28.74	217.815	0.741494
29.24	217.69	0.743163
29.74	217.565	0.747123
30.24	217.44	0.746451
30.74	217.315	0.748296
31.24	217.19	0.745178
31.74	217.065	0.74603
32.24	216.94	0.747564
32.74	216.815	0.747774
33.24	216.69	0.746757
33.74	216.565	0.745975
34.24	216.44	0.746546
34.74	216.315	0.746431
35.24	216.19	0.747273
35.74	216.065	0.748872
36.24	215.94	0.750135
36.74	215.815	0.748226
37.24	215.69	0.748271
37.74	215.565	0.748997
38.24	215.44	0.748236
38.74	215.315	0.749018
39.24	215.19	0.74981
39.74	215.065	0.747569
40.24	214.94	0.748581
40.74	214.815	0.749789
41.24	214.69	0.748441
41.74	214.565	0.747529
42.24	214.44	0.751644
42.74	214.315	0.749799
43.24	214.19	0.750301
43.74	214.065	0.749995
44.24	213.94	0.753123
44.74	213.815	0.752371
45.24	213.69	0.747273
45.74	213.565	0.751474
46.24	213.44	0.75016
46.74	213.315	0.750772
47.24	213.19	0.75019
47.74	213.065	0.750215
48.24	212.94	0.751449
48.74	212.815	0.749203
49.24	212.69	0.748977
49.74	212.565	0.752446
50.24	212.44	0.750657
50.74	212.315	0.751108
51.24	212.19	0.750782
51.74	212.065	0.752441
52.24	211.94	0.752506
52.74	211.815	0.752361
53.24	211.69	0.754095
53.74	211.565	0.752536
54.24	211.44	0.754311
54.74	211.315	0.755799
55.24	211.19	0.75393
55.74	211.065	0.75408
56.24	210.94	0.754496
56.74	210.815	0.753995
57.24	210.69	0.753408
57.74	210.565	0.753418
58.24	210.44	0.752571
58.74	210.315	0.751444
59.24	210.19	0.753464
59.74	210.065	0.755068
