0.245	239.939	0.088442
0.74	239.815	0.0899783
1.24	239.69	0.0899348
1.74	239.565	0.0895362
2.24	239.44	0.092029
2.74	239.315	0.0928841
3.24	239.19	0.0918188
3.74	239.065	0.0919782
4.24	238.94	0.0915145
4.74	238.815	0.0910145
5.24	238.69	0.0934855
5.74	238.565	0.0911811
6.24	238.44	0.0906232
6.74	238.315	0.0922174
7.24	238.19	0.0916667
7.74	238.065	0.0937681
8.24	237.94	0.0901956
8.74	237.815	0.0936087
9.24	237.69	0.0922102
9.74	237.565	0.0917464
10.24	237.44	0.092971
10.74	237.315	0.0923768
11.24	237.19	0.0924421
11.74	237.065	0.0914131
12.24	236.94	0.0936522
12.74	236.815	0.0946666
13.24	236.69	0.0920652
13.74	236.565	0.0948841
14.24	236.44	0.0908333
14.74	236.315	0.0931305
15.24	236.19	0.095942
15.74	236.065	0.094471
16.24	235.94	0.0930072
16.74	235.815	0.0942899
17.24	235.69	0.0957753
17.74	235.565	0.0944855
18.24	235.44	0.0951812
18.74	235.315	0.0951304
19.24	235.19	0.0950652
19.74	235.065	0.0940435
20.24	234.94	0.0943986
20.74	234.815	0.0961594
21.24	234.69	0.0943768
21.74	234.565	0.0956594
22.24	234.44	0.0955072
22.74	234.315	0.0945363
23.24	234.19	0.0974927
23.74	234.065	0.0963913
24.24	233.94	0.0968841
24.74	233.815	0.0991087
25.24	233.69	0.0991014
25.74	233.565	0.0975363
26.24	233.44	0.0972609
26.74	233.315	0.0989203
27.24	233.19	0.094
27.74	233.065	0.0986015
28.24	232.94	0.099116
28.74	232.815	0.0980942
29.24	232.69	0.0967174
29.74	232.565	0.0999058
30.24	232.44	0.101268
30.74	232.315	0.0970217
31.24	232.19	0.0987391
31.74	232.065	0.095558
32.24	231.94	0.100913
32.74	231.815	0.10079
33.24	231.69	0.0977102
33.74	231.565	0.0996087
34.24	231.44	0.0986739
34.74	231.315	0.100065
35.24	231.19	0.101116
35.74	231.065	0.103471
36.24	230.94	0.102993
36.74	230.815	0.0986595
37.24	230.69	0.101326
37.74	230.565	0.100703
38.24	230.44	0.101362
38.74	230.315	0.103486
39.24	230.19	0.10079
39.74	230.065	0.104986
40.24	229.94	0.101964
40.74	229.815	0.103283
41.24	229.69	0.103268
41.74	229.565	0.105957
42.24	229.44	0.103507
42.74	229.315	0.108232
43.24	229.19	0.104507
43.74	229.065	0.105471
44.24	228.94	0.104268
44.74	228.815	0.107355
45.24	228.69	0.102522
45.74	228.565	0.109065
46.24	228.44	0.108551
46.74	228.315	0.105812
47.24	228.19	0.105377
47.74	228.065	0.10587
48.24	227.94	0.10492
48.74	227.815	0.107203
49.24	227.69	0.104949
49.74	227.565	0.108877
50.24	227.44	0.106514
50.74	227.315	0.10892
51.24	227.19	0.110601
51.74	227.065	0.212993
52.24	226.94	0.500522
52.74	226.815	0.57242
53.24	226.69	0.575522
53.74	226.565	0.576783
54.24	226.44	0.576116
54.74	226.315	0.578906
55.24	226.19	0.576964
55.74	226.065	0.577058
56.24	225.94	0.577783
56.74	225.815	0.578326
57.24	225.69	0.57608
57.74	225.565	0.576812
58.24	225.44	0.575181
58.74	225.315	0.577094
59.24	225.19	0.57892
59.74	225.065	0.580529
60.24	224.94	0.579217
60.74	224.815	0.581159
61.24	224.69	0.582507
61.74	224.565	0.579297
62.24	224.44	0.579348
62.74	224.315	0.581594
63.24	224.19	0.581101
63.74	224.065	0.581058
64.24	223.94	0.581116
64.74	223.815	0.579196
65.24	223.69	0.57963
65.74	223.565	0.58058
66.24	223.44	0.580456
66.74	223.315	0.57979
67.24	223.19	0.581754
67.74	223.065	0.580232
68.24	222.94	0.581739
68.74	222.815	0.581283
69.24	222.69	0.582913
69.74	222.565	0.580674
70.24	222.44	0.582768
70.74	222.315	0.581819
71.24	222.19	0.582833
71.74	222.065	0.580826
72.24	221.94	0.580442
72.74	221.815	0.582
73.24	221.69	0.582884
73.74	221.565	0.582862
74.24	221.44	0.581754
74.74	221.315	0.581906
75.24	221.19	0.581703
75.74	221.065	0.581696
76.24	220.94	0.582681
76.74	220.815	0.58229
77.24	220.69	0.583638
77.74	220.565	0.583819
78.24	220.44	0.58387
78.74	220.315	0.58213
79.24	220.19	0.583442
79.74	220.065	0.582406
