0.245	224.939	0.178828
0.74	224.815	0.178355
1.24	224.69	0.177746
1.74	224.565	0.177475
2.24	224.44	0.178929
2.74	224.315	0.177938
3.24	224.19	0.18086
3.74	224.065	0.182369
4.24	223.94	0.176454
4.74	223.815	0.178451
5.24	223.69	0.183441
5.74	223.565	0.182882
6.24	223.44	0.180609
6.74	223.315	0.178758
7.24	223.19	0.181992
7.74	223.065	0.184215
8.24	222.94	0.182721
8.74	222.815	0.182867
9.24	222.69	0.18006
9.74	222.565	0.186046
10.24	222.44	0.182661
10.74	222.315	0.187636
11.24	222.19	0.185382
11.74	222.065	0.184427
12.24	221.94	0.186418
12.74	221.815	0.188325
13.24	221.69	0.185604
13.74	221.565	0.187118
14.24	221.44	0.187213
14.74	221.315	0.190584
15.24	221.19	0.189799
15.74	221.065	0.189341
16.24	220.94	0.187364
16.74	220.815	0.19081
17.24	220.69	0.191238
17.74	220.565	0.187772
18.24	220.44	0.188863
18.74	220.315	0.192616
19.24	220.19	0.192123
19.74	220.065	0.192415
20.24	219.94	0.191157
20.74	219.815	0.193058
21.24	219.69	0.192128
21.74	219.565	0.192953
22.24	219.44	0.195176
22.74	219.315	0.195096
23.24	219.19	0.198078
23.74	219.065	0.19502
24.24	218.94	0.198632
24.74	218.815	0.195825
25.24	218.69	0.198084
25.74	218.565	0.202339
26.24	218.44	0.199764
26.74	218.315	0.197223
27.24	218.19	0.200709
27.74	218.065	0.200418
28.24	217.94	0.198939
28.74	217.815	0.202822
29.24	217.69	0.198818
29.74	217.565	0.199985
30.24	217.44	0.202877
30.74	217.315	0.201992
31.24	217.19	0.200659
31.74	217.065	0.198818
32.24	216.94	0.253944
32.74	216.815	0.53089
33.24	216.69	0.77174
33.74	216.565	0.794794
34.24	216.44	0.798441
34.74	216.315	0.79911
35.24	216.19	0.798888
35.74	216.065	0.79996
36.24	215.94	0.81332
36.74	215.815	0.824914
37.24	215.69	0.82507
37.74	215.565	0.826715
38.24	215.44	0.824497
38.74	215.315	0.824945
39.24	215.19	0.825845
39.74	215.065	0.825568
40.24	214.94	0.827248
40.74	214.815	0.825905
41.24	214.69	0.825865
41.74	214.565	0.827098
42.24	214.44	0.826811
42.74	214.315	0.828219
43.24	214.19	0.829542
43.74	214.065	0.828798
44.24	213.94	0.827465
44.74	213.815	0.829718
45.24	213.69	0.82912
45.74	213.565	0.831424
46.24	213.44	0.829834
46.74	213.315	0.830382
47.24	213.19	0.828657
47.74	213.065	0.828315
48.24	212.94	0.830352
48.74	212.815	0.828964
49.24	212.69	0.829442
49.74	212.565	0.831343
50.24	212.44	0.829537
50.74	212.315	0.830936
51.24	212.19	0.829572
51.74	212.065	0.831444
52.24	211.94	0.82994
52.74	211.815	0.830931
53.24	211.69	0.831117
53.74	211.565	0.829653
54.24	211.44	0.830901
54.74	211.315	0.831484
55.24	211.19	0.832611
55.74	211.065	0.830428
56.24	210.94	0.831846
56.74	210.815	0.831625
57.24	210.69	0.830704
57.74	210.565	0.829814
58.24	210.44	0.830639
58.74	210.315	0.831559
59.24	210.19	0.832218
59.74	210.065	0.833033
