0.245	224.939	0.178395
0.74	224.815	0.173571
1.24	224.69	0.17508
1.74	224.565	0.177379
2.24	224.44	0.17919
2.74	224.315	0.18332
3.24	224.19	0.181917
3.74	224.065	0.18173
4.24	223.94	0.176615
4.74	223.815	0.179145
5.24	223.69	0.183239
5.74	223.565	0.181117
6.24	223.44	0.18084
6.74	223.315	0.181871
7.24	223.19	0.182163
7.74	223.065	0.182666
8.24	222.94	0.184155
8.74	222.815	0.181932
9.24	222.69	0.181821
9.74	222.565	0.185458
10.24	222.44	0.186383
10.74	222.315	0.181519
11.24	222.19	0.184784
11.74	222.065	0.184844
12.24	221.94	0.190588
12.74	221.815	0.189341
13.24	221.69	0.183919
13.74	221.565	0.189311
14.24	221.44	0.188717
14.74	221.315	0.188199
15.24	221.19	0.187113
15.74	221.065	0.188224
16.24	220.94	0.192802
16.74	220.815	0.189633
17.24	220.69	0.192259
17.74	220.565	0.190548
18.24	220.44	0.191871
18.74	220.315	0.186801
19.24	220.19	0.194713
19.74	220.065	0.189512
20.24	219.94	0.190528
20.74	219.815	0.192389
21.24	219.69	0.193531
21.74	219.565	0.197354
22.24	219.44	0.195372
22.74	219.315	0.19503
23.24	219.19	0.194376
23.74	219.065	0.193556
24.24	218.94	0.196605
24.74	218.815	0.194774
25.24	218.69	0.199472
25.74	218.565	0.196861
26.24	218.44	0.192716
26.74	218.315	0.19245
27.24	218.19	0.201906
27.74	218.065	0.196745
28.24	217.94	0.195337
28.74	217.815	0.195448
29.24	217.69	0.201227
29.74	217.565	0.199145
30.24	217.44	0.200121
30.74	217.315	0.201338
31.24	217.19	0.20504
31.74	217.065	0.204059
32.24	216.94	0.201725
32.74	216.815	0.203627
33.24	216.69	0.206021
33.74	216.565	0.206041
34.24	216.44	0.203994
34.74	216.315	0.207203
35.24	216.19	0.207228
35.74	216.065	0.206097
36.24	215.94	0.207153
36.74	215.815	0.20578
37.24	215.69	0.20909
37.74	215.565	0.250558
38.24	215.44	0.577651
38.74	215.315	0.742465
39.24	215.19	0.747817
39.74	215.065	0.743959
40.24	214.94	0.743969
40.74	214.815	0.744582
41.24	214.69	0.746444
41.74	214.565	0.74413
42.24	214.44	0.744894
42.74	214.315	0.744759
43.24	214.19	0.745614
43.74	214.065	0.745166
44.24	213.94	0.746117
44.74	213.815	0.745136
45.24	213.69	0.745412
45.74	213.565	0.746308
46.24	213.44	0.745453
46.74	213.315	0.745161
47.24	213.19	0.746338
47.74	213.065	0.747158
48.24	212.94	0.74585
48.74	212.815	0.746901
49.24	212.69	0.747455
49.74	212.565	0.747082
50.24	212.44	0.747077
50.74	212.315	0.746645
51.24	212.19	0.749059
51.74	212.065	0.748742
52.24	211.94	0.748873
52.74	211.815	0.74752
53.24	211.69	0.746871
53.74	211.565	0.747243
54.24	211.44	0.749427
54.74	211.315	0.748144
55.24	211.19	0.747691
55.74	211.065	0.74827
56.24	210.94	0.746147
56.74	210.815	0.747379
57.24	210.69	0.747591
57.74	210.565	0.748481
58.24	210.44	0.74834
58.74	210.315	0.747193
59.24	210.19	0.748038
59.74	210.065	0.748617
