0.245	239.939	0.0890652
0.74	239.815	0.0908841
1.24	239.69	0.0904493
1.74	239.565	0.0887246
2.24	239.44	0.0897536
2.74	239.315	0.0901087
3.24	239.19	0.0900435
3.74	239.065	0.0913334
4.24	238.94	0.0907898
4.74	238.815	0.0913333
5.24	238.69	0.0895435
5.74	238.565	0.0911594
6.24	238.44	0.0889493
6.74	238.315	0.090558
7.24	238.19	0.0909275
7.74	238.065	0.0910942
8.24	237.94	0.0937464
8.74	237.815	0.0928696
9.24	237.69	0.0893623
9.74	237.565	0.0918623
10.24	237.44	0.0925145
10.74	237.315	0.0936812
11.24	237.19	0.0932029
11.74	237.065	0.093442
12.24	236.94	0.0953768
12.74	236.815	0.0916377
13.24	236.69	0.0934493
13.74	236.565	0.0950362
14.24	236.44	0.0930797
14.74	236.315	0.0942174
15.24	236.19	0.0940434
15.74	236.065	0.0934565
16.24	235.94	0.0974131
16.74	235.815	0.0937609
17.24	235.69	0.0932536
17.74	235.565	0.0916957
18.24	235.44	0.0940435
18.74	235.315	0.0949131
19.24	235.19	0.0960652
19.74	235.065	0.0958189
20.24	234.94	0.0947536
20.74	234.815	0.0957536
21.24	234.69	0.0946304
21.74	234.565	0.0966739
22.24	234.44	0.0969348
22.74	234.315	0.0961812
23.24	234.19	0.0963478
23.74	234.065	0.0971377
24.24	233.94	0.0989638
24.74	233.815	0.0982754
25.24	233.69	0.0957174
25.74	233.565	0.0986667
26.24	233.44	0.0961739
26.74	233.315	0.0980217
27.24	233.19	0.0997826
27.74	233.065	0.0963551
28.24	232.94	0.101145
28.74	232.815	0.0997972
29.24	232.69	0.0986449
29.74	232.565	0.0977971
30.24	232.44	0.0978696
30.74	232.315	0.0997754
31.24	232.19	0.0974493
31.74	232.065	0.102159
32.24	231.94	0.0990001
32.74	231.815	0.100225
33.24	231.69	0.103471
33.74	231.565	0.101225
34.24	231.44	0.100515
34.74	231.315	0.101058
35.24	231.19	0.101036
35.74	231.065	0.102667
36.24	230.94	0.0987319
36.74	230.815	0.102043
37.24	230.69	0.101768
37.74	230.565	0.104732
38.24	230.44	0.108058
38.74	230.315	0.227051
39.24	230.19	0.532855
39.74	230.065	0.573029
40.24	229.94	0.579362
40.74	229.815	0.583609
41.24	229.69	0.58163
41.74	229.565	0.584275
42.24	229.44	0.57387
42.74	229.315	0.57163
43.24	229.19	0.573232
43.74	229.065	0.581051
44.24	228.94	0.582015
44.74	228.815	0.576391
45.24	228.69	0.577217
45.74	228.565	0.574515
46.24	228.44	0.576167
46.74	228.315	0.579754
47.24	228.19	0.581819
47.74	228.065	0.581341
48.24	227.94	0.582457
48.74	227.815	0.584167
49.24	227.69	0.585536
49.74	227.565	0.583275
50.24	227.44	0.584268
50.74	227.315	0.586391
51.24	227.19	0.585942
51.74	227.065	0.584819
52.24	226.94	0.58458
52.74	226.815	0.583862
53.24	226.69	0.586326
53.74	226.565	0.588551
54.24	226.44	0.590804
54.74	226.315	0.590623
55.24	226.19	0.586326
55.74	226.065	0.588065
56.24	225.94	0.589101
56.74	225.815	0.591688
57.24	225.69	0.589283
57.74	225.565	0.587449
58.24	225.44	0.587152
58.74	225.315	0.587341
59.24	225.19	0.587087
59.74	225.065	0.586717
60.24	224.94	0.584754
60.74	224.815	0.585362
61.24	224.69	0.584471
61.74	224.565	0.585638
62.24	224.44	0.587783
62.74	224.315	0.59079
63.24	224.19	0.587746
63.74	224.065	0.586123
64.24	223.94	0.587522
64.74	223.815	0.584877
65.24	223.69	0.586855
65.74	223.565	0.58592
66.24	223.44	0.586457
66.74	223.315	0.587283
67.24	223.19	0.587348
67.74	223.065	0.587645
68.24	222.94	0.587819
68.74	222.815	0.587449
69.24	222.69	0.588964
69.74	222.565	0.58763
70.24	222.44	0.58979
70.74	222.315	0.587101
71.24	222.19	0.589413
71.74	222.065	0.587833
72.24	221.94	0.586667
72.74	221.815	0.585862
73.24	221.69	0.592594
73.74	221.565	0.593203
74.24	221.44	0.59413
74.74	221.315	0.592471
75.24	221.19	0.591746
75.74	221.065	0.589152
76.24	220.94	0.591348
76.74	220.815	0.592377
77.24	220.69	0.593355
77.74	220.565	0.591964
78.24	220.44	0.591377
78.74	220.315	0.592493
79.24	220.19	0.592855
79.74	220.065	0.591935
