1	0	2279	0.0314853
1	10000	2273	0.0314024
1	20000	2281	0.031513
1	30000	2288	0.0316097
1	40000	2289	0.0316235
1	50000	2307	0.0318722
1	60000	2260	0.0312228
1	70000	2252	0.0311123
1	80000	2266	0.0313057
1	90000	2290	0.0316373
1	100000	2273	0.0314024
1	110000	2270	0.031361
1	120000	2273	0.0314024
1	130000	2287	0.0315958
1	140000	2278	0.0314715
1	150000	2274	0.0314162
1	160000	2291	0.0316511
1	170000	2275	0.0314301
1	180000	2289	0.0316235
1	190000	2291	0.0316511
1	200000	2262	0.0312505
1	210000	2263	0.0312643
1	220000	2272	0.0313886
1	230000	2273	0.0314024
1	240000	2273	0.0314024
1	250000	2280	0.0314991
1	260000	2273	0.0314024
1	270000	2294	0.0316926
1	280000	2274	0.0314162
1	290000	2278	0.0314715
1	300000	2285	0.0315682
1	310000	2252	0.0311123
1	320000	2266	0.0313057
1	330000	2271	0.0313748
1	340000	2277	0.0314577
1	350000	2277	0.0314577
1	360000	2278	0.0314715
1	370000	2282	0.0315268
1	380000	2286	0.031582
1	390000	2282	0.0315268
1	400000	2280	0.0314991
1	410000	2252	0.0311123
1	420000	2289	0.0316235
1	430000	2251	0.0310985
1	440000	2274	0.0314162
1	450000	2283	0.0315406
1	460000	2269	0.0313472
1	470000	2267	0.0313195
1	480000	2261	0.0312366
1	490000	2264	0.0312781
1	500000	2285	0.0315682
1	510000	2264	0.0312781
1	520000	2265	0.0312919
1	530000	2282	0.0315268
1	540000	2249	0.0310709
1	550000	2280	0.0314991
1	560000	2279	0.0314853
1	570000	2261	0.0312366
1	580000	2260	0.0312228
1	590000	2274	0.0314162
1	600000	2261	0.0312366
1	610000	2277	0.0314577
1	620000	2261	0.0312366
1	630000	2253	0.0311261
1	640000	2293	0.0316787
1	650000	2285	0.0315682
1	660000	2305	0.0318445
1	670000	2293	0.0316787
1	680000	2273	0.0314024
1	690000	2297	0.031734
1	700000	2283	0.0315406
1	710000	2293	0.0316787
1	720000	2273	0.0314024
1	730000	2290	0.0316373
1	740000	2265	0.0312919
1	750000	2259	0.031209
1	760000	2299	0.0317616
1	770000	2275	0.0314301
1	780000	2306	0.0318583
1	790000	2256	0.0311676
1	800000	2276	0.0314439
1	810000	2289	0.0316235
1	820000	2259	0.031209
1	830000	2308	0.031886
1	840000	2261	0.0312366
1	850000	2268	0.0313334
1	860000	2270	0.031361
1	870000	2271	0.0313748
1	880000	2264	0.0312781
1	890000	2293	0.0316787
1	900000	2259	0.031209
1	910000	2261	0.0312366
1	920000	2276	0.0314439
1	930000	2257	0.0311814
1	940000	2272	0.0313886
1	950000	2263	0.0312643
1	960000	2255	0.0311538
1	970000	2283	0.0315406
1	980000	2255	0.0311538
1	990000	2268	0.0313334
1	1000000	2281	0.031513
2	0	2266	0.0313057
2	10000	2290	0.0316373
2	20000	2276	0.0314439
2	30000	2283	0.0315406
2	40000	2249	0.0310709
2	50000	2264	0.0312781
2	60000	2274	0.0314162
2	70000	2276	0.0314439
2	80000	2279	0.0314853
2	90000	2273	0.0314024
2	100000	2285	0.0315682
2	110000	2296	0.0317202
2	120000	2286	0.031582
2	130000	2275	0.0314301
2	140000	2276	0.0314439
2	150000	2280	0.0314991
2	160000	2287	0.0315958
2	170000	2273	0.0314024
2	180000	2280	0.0314991
2	190000	2292	0.0316649
2	200000	2281	0.031513
2	210000	2263	0.0312643
2	220000	2290	0.0316373
2	230000	2277	0.0314577
2	240000	2284	0.0315544
2	250000	2287	0.0315958
2	260000	2279	0.0314853
2	270000	2260	0.0312228
2	280000	2280	0.0314991
2	290000	2249	0.0310709
2	300000	2303	0.0318169
2	310000	2301	0.0317893
2	320000	2267	0.0313195
2	330000	2279	0.0314853
2	340000	2286	0.031582
2	350000	2268	0.0313334
2	360000	2280	0.0314991
2	370000	2272	0.0313886
2	380000	2278	0.0314715
2	390000	2245	0.0310156
2	400000	2272	0.0313886
2	410000	2294	0.0316926
2	420000	2267	0.0313195
2	430000	2290	0.0316373
2	440000	2289	0.0316235
2	450000	2283	0.0315406
2	460000	2278	0.0314715
2	470000	2290	0.0316373
2	480000	2278	0.0314715
2	490000	2274	0.0314162
2	500000	2295	0.0317064
2	510000	2270	0.031361
2	520000	2267	0.0313195
2	530000	2265	0.0312919
2	540000	2279	0.0314853
2	550000	2270	0.031361
2	560000	2256	0.0311676
2	570000	2282	0.0315268
2	580000	2275	0.0314301
2	590000	2248	0.031057
2	600000	2263	0.0312643
2	610000	2268	0.0313334
2	620000	2284	0.0315544
2	630000	2285	0.0315682
2	640000	2251	0.0310985
2	650000	2273	0.0314024
2	660000	2268	0.0313334
2	670000	2273	0.0314024
2	680000	2261	0.0312366
2	690000	2275	0.0314301
2	700000	2311	0.0319274
2	710000	2258	0.0311952
2	720000	2274	0.0314162
2	730000	2266	0.0313057
2	740000	2285	0.0315682
2	750000	2256	0.0311676
2	760000	2276	0.0314439
2	770000	2301	0.0317893
2	780000	2273	0.0314024
2	790000	2286	0.031582
2	800000	2265	0.0312919
2	810000	2273	0.0314024
2	820000	2280	0.0314991
2	830000	2255	0.0311538
2	840000	2290	0.0316373
2	850000	2253	0.0311261
2	860000	2274	0.0314162
2	870000	2259	0.031209
2	880000	2278	0.0314715
2	890000	2272	0.0313886
2	900000	2257	0.0311814
2	910000	2266	0.0313057
2	920000	2294	0.0316926
2	930000	2272	0.0313886
2	940000	2247	0.0310432
2	950000	2240	0.0309465
2	960000	2287	0.0315958
2	970000	2274	0.0314162
2	980000	2270	0.031361
2	990000	2269	0.0313472
2	1000000	2271	0.0313748
3	0	2270	0.031361
3	10000	2268	0.0313334
3	20000	2268	0.0313334
3	30000	2291	0.0316511
3	40000	2257	0.0311814
3	50000	2282	0.0315268
3	60000	2249	0.0310709
3	70000	2296	0.0317202
3	80000	2274	0.0314162
3	90000	2272	0.0313886
3	100000	2285	0.0315682
3	110000	2246	0.0310294
3	120000	2243	0.030988
3	130000	2293	0.0316787
3	140000	2289	0.0316235
3	150000	2262	0.0312505
3	160000	2285	0.0315682
3	170000	2272	0.0313886
3	180000	2267	0.0313195
3	190000	2261	0.0312366
3	200000	2301	0.0317893
3	210000	2286	0.031582
3	220000	2271	0.0313748
3	230000	2261	0.0312366
3	240000	2276	0.0314439
3	250000	2256	0.0311676
3	260000	2277	0.0314577
3	270000	2270	0.031361
3	280000	2277	0.0314577
3	290000	2287	0.0315958
3	300000	2278	0.0314715
3	310000	2291	0.0316511
3	320000	2269	0.0313472
3	330000	2254	0.0311399
3	340000	2309	0.0318998
3	350000	2261	0.0312366
3	360000	2284	0.0315544
3	370000	2244	0.0310018
3	380000	2264	0.0312781
3	390000	2282	0.0315268
3	400000	2257	0.0311814
3	410000	2277	0.0314577
3	420000	2275	0.0314301
3	430000	2292	0.0316649
3	440000	2271	0.0313748
3	450000	2259	0.031209
3	460000	2282	0.0315268
3	470000	2270	0.031361
3	480000	2277	0.0314577
3	490000	2282	0.0315268
3	500000	2253	0.0311261
3	510000	2274	0.0314162
3	520000	2290	0.0316373
3	530000	2243	0.030988
3	540000	2275	0.0314301
3	550000	2289	0.0316235
3	560000	2275	0.0314301
3	570000	2293	0.0316787
3	580000	2284	0.0315544
3	590000	2283	0.0315406
3	600000	2270	0.031361
3	610000	2279	0.0314853
3	620000	2287	0.0315958
3	630000	2270	0.031361
3	640000	2284	0.0315544
3	650000	2265	0.0312919
3	660000	2273	0.0314024
3	670000	2292	0.0316649
3	680000	2278	0.0314715
3	690000	2293	0.0316787
3	700000	2265	0.0312919
3	710000	2255	0.0311538
3	720000	2266	0.0313057
3	730000	2279	0.0314853
3	740000	2264	0.0312781
3	750000	2292	0.0316649
3	760000	2279	0.0314853
3	770000	2262	0.0312505
3	780000	2286	0.031582
3	790000	2273	0.0314024
3	800000	2276	0.0314439
3	810000	2277	0.0314577
3	820000	2269	0.0313472
3	830000	2268	0.0313334
3	840000	2298	0.0317478
3	850000	2280	0.0314991
3	860000	2269	0.0313472
3	870000	2270	0.031361
3	880000	2255	0.0311538
3	890000	2268	0.0313334
3	900000	2267	0.0313195
3	910000	2251	0.0310985
3	920000	2284	0.0315544
3	930000	2277	0.0314577
3	940000	2274	0.0314162
3	950000	2250	0.0310847
3	960000	2290	0.0316373
3	970000	2266	0.0313057
3	980000	2295	0.0317064
3	990000	2256	0.0311676
3	1000000	2268	0.0313334
4	0	2270	0.031361
4	10000	2248	0.031057
4	20000	2286	0.031582
4	30000	2265	0.0312919
4	40000	2280	0.0314991
4	50000	2283	0.0315406
4	60000	2279	0.0314853
4	70000	2300	0.0317754
4	80000	2288	0.0316097
4	90000	2282	0.0315268
4	100000	2293	0.0316787
4	110000	2281	0.031513
4	120000	2283	0.0315406
4	130000	2270	0.031361
4	140000	2273	0.0314024
4	150000	2276	0.0314439
4	160000	2280	0.0314991
4	170000	2295	0.0317064
4	180000	2292	0.0316649
4	190000	2278	0.0314715
4	200000	2268	0.0313334
4	210000	2271	0.0313748
4	220000	2255	0.0311538
4	230000	2290	0.0316373
4	240000	2264	0.0312781
4	250000	2285	0.0315682
4	260000	2285	0.0315682
4	270000	2274	0.0314162
4	280000	2271	0.0313748
4	290000	2301	0.0317893
4	300000	2281	0.031513
4	310000	2297	0.031734
4	320000	2273	0.0314024
4	330000	2273	0.0314024
4	340000	2286	0.031582
4	350000	2285	0.0315682
4	360000	2273	0.0314024
4	370000	2276	0.0314439
4	380000	2264	0.0312781
4	390000	2241	0.0309603
4	400000	2275	0.0314301
4	410000	2262	0.0312505
4	420000	2259	0.031209
4	430000	2267	0.0313195
4	440000	2269	0.0313472
4	450000	2262	0.0312505
4	460000	2280	0.0314991
4	470000	2289	0.0316235
4	480000	2284	0.0315544
4	490000	2274	0.0314162
4	500000	2270	0.031361
4	510000	2267	0.0313195
4	520000	2266	0.0313057
4	530000	2250	0.0310847
4	540000	2267	0.0313195
4	550000	2263	0.0312643
4	560000	2284	0.0315544
4	570000	2278	0.0314715
4	580000	2276	0.0314439
4	590000	2297	0.031734
4	600000	2260	0.0312228
4	610000	2264	0.0312781
4	620000	2268	0.0313334
4	630000	2290	0.0316373
4	640000	2270	0.031361
4	650000	2278	0.0314715
4	660000	2254	0.0311399
4	670000	2267	0.0313195
4	680000	2283	0.0315406
4	690000	2299	0.0317616
4	700000	2262	0.0312505
4	710000	2265	0.0312919
4	720000	2279	0.0314853
4	730000	2280	0.0314991
4	740000	2263	0.0312643
4	750000	2261	0.0312366
4	760000	2266	0.0313057
4	770000	2289	0.0316235
4	780000	2268	0.0313334
4	790000	2263	0.0312643
4	800000	2267	0.0313195
4	810000	2277	0.0314577
4	820000	2264	0.0312781
4	830000	2244	0.0310018
4	840000	2276	0.0314439
4	850000	2270	0.031361
4	860000	2277	0.0314577
4	870000	2268	0.0313334
4	880000	2279	0.0314853
4	890000	2265	0.0312919
4	900000	2270	0.031361
4	910000	2284	0.0315544
4	920000	2276	0.0314439
4	930000	2278	0.0314715
4	940000	2291	0.0316511
4	950000	2279	0.0314853
4	960000	2273	0.0314024
4	970000	2258	0.0311952
4	980000	2285	0.0315682
4	990000	2272	0.0313886
4	1000000	2282	0.0315268
5	0	2238	0.0309189
5	10000	2277	0.0314577
5	20000	2278	0.0314715
5	30000	2268	0.0313334
5	40000	2281	0.031513
5	50000	2264	0.0312781
5	60000	2287	0.0315958
5	70000	2281	0.031513
5	80000	2270	0.031361
5	90000	2266	0.0313057
5	100000	2274	0.0314162
5	110000	2251	0.0310985
5	120000	2264	0.0312781
5	130000	2264	0.0312781
5	140000	2299	0.0317616
5	150000	2303	0.0318169
5	160000	2272	0.0313886
5	170000	2270	0.031361
5	180000	2266	0.0313057
5	190000	2294	0.0316926
5	200000	2288	0.0316097
5	210000	2264	0.0312781
5	220000	2292	0.0316649
5	230000	2284	0.0315544
5	240000	2278	0.0314715
5	250000	2295	0.0317064
5	260000	2286	0.031582
5	270000	2267	0.0313195
5	280000	2269	0.0313472
5	290000	2289	0.0316235
5	300000	2283	0.0315406
5	310000	2272	0.0313886
5	320000	2264	0.0312781
5	330000	2265	0.0312919
5	340000	2279	0.0314853
5	350000	2270	0.031361
5	360000	2257	0.0311814
5	370000	2268	0.0313334
5	380000	2267	0.0313195
5	390000	2263	0.0312643
5	400000	2285	0.0315682
5	410000	2276	0.0314439
5	420000	2249	0.0310709
5	430000	2260	0.0312228
5	440000	2280	0.0314991
5	450000	2271	0.0313748
5	460000	2279	0.0314853
5	470000	2307	0.0318722
5	480000	2303	0.0318169
5	490000	2286	0.031582
5	500000	2272	0.0313886
5	510000	2285	0.0315682
5	520000	2256	0.0311676
5	530000	2262	0.0312505
5	540000	2278	0.0314715
5	550000	2271	0.0313748
5	560000	2278	0.0314715
5	570000	2285	0.0315682
5	580000	2289	0.0316235
5	590000	2287	0.0315958
5	600000	2257	0.0311814
5	610000	2268	0.0313334
5	620000	2255	0.0311538
5	630000	2288	0.0316097
5	640000	2275	0.0314301
5	650000	2278	0.0314715
5	660000	2276	0.0314439
5	670000	2272	0.0313886
5	680000	2272	0.0313886
5	690000	2295	0.0317064
5	700000	2290	0.0316373
5	710000	2315	0.0319827
5	720000	2273	0.0314024
5	730000	2273	0.0314024
5	740000	2266	0.0313057
5	750000	2275	0.0314301
5	760000	2250	0.0310847
5	770000	2263	0.0312643
5	780000	2268	0.0313334
5	790000	2280	0.0314991
5	800000	2299	0.0317616
5	810000	2285	0.0315682
5	820000	2266	0.0313057
5	830000	2278	0.0314715
5	840000	2273	0.0314024
5	850000	2260	0.0312228
5	860000	2261	0.0312366
5	870000	2269	0.0313472
5	880000	2272	0.0313886
5	890000	2254	0.0311399
5	900000	2264	0.0312781
5	910000	2279	0.0314853
5	920000	2252	0.0311123
5	930000	2261	0.0312366
5	940000	2270	0.031361
5	950000	2292	0.0316649
5	960000	2284	0.0315544
5	970000	2269	0.0313472
5	980000	2267	0.0313195
5	990000	2281	0.031513
5	1000000	2267	0.0313195
6	0	2273	0.0314024
6	10000	2255	0.0311538
6	20000	2287	0.0315958
6	30000	2258	0.0311952
6	40000	2303	0.0318169
6	50000	2283	0.0315406
6	60000	2296	0.0317202
6	70000	2273	0.0314024
6	80000	2302	0.0318031
6	90000	2284	0.0315544
6	100000	2255	0.0311538
6	110000	2272	0.0313886
6	120000	2275	0.0314301
6	130000	2257	0.0311814
6	140000	2288	0.0316097
6	150000	2286	0.031582
6	160000	2260	0.0312228
6	170000	2275	0.0314301
6	180000	2296	0.0317202
6	190000	2300	0.0317754
6	200000	2279	0.0314853
6	210000	2301	0.0317893
6	220000	2284	0.0315544
6	230000	2301	0.0317893
6	240000	2286	0.031582
6	250000	2284	0.0315544
6	260000	2263	0.0312643
6	270000	2253	0.0311261
6	280000	2285	0.0315682
6	290000	2279	0.0314853
6	300000	2283	0.0315406
6	310000	2294	0.0316926
6	320000	2271	0.0313748
6	330000	2251	0.0310985
6	340000	2270	0.031361
6	350000	2280	0.0314991
6	360000	2284	0.0315544
6	370000	2284	0.0315544
6	380000	2258	0.0311952
6	390000	2260	0.0312228
6	400000	2271	0.0313748
6	410000	2285	0.0315682
6	420000	2268	0.0313334
6	430000	2271	0.0313748
6	440000	2268	0.0313334
6	450000	2280	0.0314991
6	460000	2283	0.0315406
6	470000	2276	0.0314439
6	480000	2296	0.0317202
6	490000	2271	0.0313748
6	500000	2275	0.0314301
6	510000	2272	0.0313886
6	520000	2308	0.031886
6	530000	2260	0.0312228
6	540000	2284	0.0315544
6	550000	2288	0.0316097
6	560000	2274	0.0314162
6	570000	2263	0.0312643
6	580000	2264	0.0312781
6	590000	2271	0.0313748
6	600000	2268	0.0313334
6	610000	2282	0.0315268
6	620000	2270	0.031361
6	630000	2252	0.0311123
6	640000	2278	0.0314715
6	650000	2291	0.0316511
6	660000	2281	0.031513
6	670000	2265	0.0312919
6	680000	2279	0.0314853
6	690000	2266	0.0313057
6	700000	2287	0.0315958
6	710000	2262	0.0312505
6	720000	2264	0.0312781
6	730000	2295	0.0317064
6	740000	2268	0.0313334
6	750000	2277	0.0314577
6	760000	2268	0.0313334
6	770000	2261	0.0312366
6	780000	2250	0.0310847
6	790000	2264	0.0312781
6	800000	2290	0.0316373
6	810000	2296	0.0317202
6	820000	2258	0.0311952
6	830000	2282	0.0315268
6	840000	2278	0.0314715
6	850000	2256	0.0311676
6	860000	2278	0.0314715
6	870000	2254	0.0311399
6	880000	2268	0.0313334
6	890000	2274	0.0314162
6	900000	2294	0.0316926
6	910000	2266	0.0313057
6	920000	2281	0.031513
6	930000	2277	0.0314577
6	940000	2269	0.0313472
6	950000	2277	0.0314577
6	960000	2270	0.031361
6	970000	2268	0.0313334
6	980000	2263	0.0312643
6	990000	2291	0.0316511
6	1000000	2259	0.031209
7	0	2262	0.0312505
7	10000	2264	0.0312781
7	20000	2292	0.0316649
7	30000	2280	0.0314991
7	40000	2268	0.0313334
7	50000	2265	0.0312919
7	60000	2260	0.0312228
7	70000	2265	0.0312919
7	80000	2279	0.0314853
7	90000	2253	0.0311261
7	100000	2272	0.0313886
7	110000	2285	0.0315682
7	120000	2272	0.0313886
7	130000	2284	0.0315544
7	140000	2263	0.0312643
7	150000	2272	0.0313886
7	160000	2265	0.0312919
7	170000	2259	0.031209
7	180000	2289	0.0316235
7	190000	2260	0.0312228
7	200000	2277	0.0314577
7	210000	2289	0.0316235
7	220000	2266	0.0313057
7	230000	2280	0.0314991
7	240000	2261	0.0312366
7	250000	2281	0.031513
7	260000	2263	0.0312643
7	270000	2257	0.0311814
7	280000	2272	0.0313886
7	290000	2263	0.0312643
7	300000	2282	0.0315268
7	310000	2279	0.0314853
7	320000	2274	0.0314162
7	330000	2268	0.0313334
7	340000	2275	0.0314301
7	350000	2286	0.031582
7	360000	2262	0.0312505
7	370000	2288	0.0316097
7	380000	2256	0.0311676
7	390000	2290	0.0316373
7	400000	2249	0.0310709
7	410000	2287	0.0315958
7	420000	2291	0.0316511
7	430000	2273	0.0314024
7	440000	2253	0.0311261
7	450000	2294	0.0316926
7	460000	2261	0.0312366
7	470000	2258	0.0311952
7	480000	2303	0.0318169
7	490000	2265	0.0312919
7	500000	2282	0.0315268
7	510000	2275	0.0314301
7	520000	2279	0.0314853
7	530000	2289	0.0316235
7	540000	2262	0.0312505
7	550000	2281	0.031513
7	560000	2260	0.0312228
7	570000	2265	0.0312919
7	580000	2281	0.031513
7	590000	2279	0.0314853
7	600000	2307	0.0318722
7	610000	2271	0.0313748
7	620000	2272	0.0313886
7	630000	2279	0.0314853
7	640000	2277	0.0314577
7	650000	2252	0.0311123
7	660000	2285	0.0315682
7	670000	2276	0.0314439
7	680000	2280	0.0314991
7	690000	2286	0.031582
7	700000	2281	0.031513
7	710000	2250	0.0310847
7	720000	2282	0.0315268
7	730000	2266	0.0313057
7	740000	2270	0.031361
7	750000	2271	0.0313748
7	760000	2288	0.0316097
7	770000	2281	0.031513
7	780000	2284	0.0315544
7	790000	2275	0.0314301
7	800000	2284	0.0315544
7	810000	2253	0.0311261
7	820000	2274	0.0314162
7	830000	2283	0.0315406
7	840000	2290	0.0316373
7	850000	2275	0.0314301
7	860000	2266	0.0313057
7	870000	2241	0.0309603
7	880000	2256	0.0311676
7	890000	2285	0.0315682
7	900000	2255	0.0311538
7	910000	2262	0.0312505
7	920000	2296	0.0317202
7	930000	2281	0.031513
7	940000	2263	0.0312643
7	950000	2272	0.0313886
7	960000	2279	0.0314853
7	970000	2302	0.0318031
7	980000	2282	0.0315268
7	990000	2301	0.0317893
7	1000000	2283	0.0315406
8	0	2263	0.0312643
8	10000	2257	0.0311814
8	20000	2291	0.0316511
8	30000	2259	0.031209
8	40000	2290	0.0316373
8	50000	2262	0.0312505
8	60000	2262	0.0312505
8	70000	2254	0.0311399
8	80000	2293	0.0316787
8	90000	2265	0.0312919
8	100000	2275	0.0314301
8	110000	2277	0.0314577
8	120000	2274	0.0314162
8	130000	2280	0.0314991
8	140000	2258	0.0311952
8	150000	2307	0.0318722
8	160000	2279	0.0314853
8	170000	2268	0.0313334
8	180000	2279	0.0314853
8	190000	2306	0.0318583
8	200000	2269	0.0313472
8	210000	2277	0.0314577
8	220000	2272	0.0313886
8	230000	2287	0.0315958
8	240000	2264	0.0312781
8	250000	2274	0.0314162
8	260000	2282	0.0315268
8	270000	2289	0.0316235
8	280000	2281	0.031513
8	290000	2276	0.0314439
8	300000	2285	0.0315682
8	310000	2265	0.0312919
8	320000	2257	0.0311814
8	330000	2293	0.0316787
8	340000	2293	0.0316787
8	350000	2273	0.0314024
8	360000	2274	0.0314162
8	370000	2265	0.0312919
8	380000	2287	0.0315958
8	390000	2267	0.0313195
8	400000	2278	0.0314715
8	410000	2263	0.0312643
8	420000	2276	0.0314439
8	430000	2274	0.0314162
8	440000	2265	0.0312919
8	450000	2285	0.0315682
8	460000	2287	0.0315958
8	470000	2273	0.0314024
8	480000	2267	0.0313195
8	490000	2269	0.0313472
8	500000	2265	0.0312919
8	510000	2299	0.0317616
8	520000	2283	0.0315406
8	530000	2272	0.0313886
8	540000	2260	0.0312228
8	550000	2273	0.0314024
8	560000	2264	0.0312781
8	570000	2268	0.0313334
8	580000	2292	0.0316649
8	590000	2283	0.0315406
8	600000	2277	0.0314577
8	610000	2283	0.0315406
8	620000	2267	0.0313195
8	630000	2276	0.0314439
8	640000	2299	0.0317616
8	650000	2257	0.0311814
8	660000	2257	0.0311814
8	670000	2258	0.0311952
8	680000	2273	0.0314024
8	690000	2271	0.0313748
8	700000	2285	0.0315682
8	710000	2292	0.0316649
8	720000	2264	0.0312781
8	730000	2261	0.0312366
8	740000	2278	0.0314715
8	750000	2266	0.0313057
8	760000	2303	0.0318169
8	770000	2269	0.0313472
8	780000	2279	0.0314853
8	790000	2290	0.0316373
8	800000	2292	0.0316649
8	810000	2293	0.0316787
8	820000	2252	0.0311123
8	830000	2283	0.0315406
8	840000	2272	0.0313886
8	850000	2290	0.0316373
8	860000	2280	0.0314991
8	870000	2270	0.031361
8	880000	2294	0.0316926
8	890000	2279	0.0314853
8	900000	2284	0.0315544
8	910000	2291	0.0316511
8	920000	2285	0.0315682
8	930000	2262	0.0312505
8	940000	2283	0.0315406
8	950000	2267	0.0313195
8	960000	2270	0.031361
8	970000	2291	0.0316511
8	980000	2255	0.0311538
8	990000	2292	0.0316649
8	1000000	2278	0.0314715
9	0	2295	0.0317064
9	10000	2273	0.0314024
9	20000	2255	0.0311538
9	30000	2291	0.0316511
9	40000	2296	0.0317202
9	50000	2296	0.0317202
9	60000	2289	0.0316235
9	70000	2298	0.0317478
9	80000	2278	0.0314715
9	90000	2264	0.0312781
9	100000	2253	0.0311261
9	110000	2265	0.0312919
9	120000	2247	0.0310432
9	130000	2276	0.0314439
9	140000	2272	0.0313886
9	150000	2291	0.0316511
9	160000	2263	0.0312643
9	170000	2303	0.0318169
9	180000	2265	0.0312919
9	190000	2292	0.0316649
9	200000	2268	0.0313334
9	210000	2276	0.0314439
9	220000	2287	0.0315958
9	230000	2263	0.0312643
9	240000	2287	0.0315958
9	250000	2272	0.0313886
9	260000	2269	0.0313472
9	270000	2269	0.0313472
9	280000	2298	0.0317478
9	290000	2285	0.0315682
9	300000	2275	0.0314301
9	310000	2251	0.0310985
9	320000	2243	0.030988
9	330000	2281	0.031513
9	340000	2279	0.0314853
9	350000	2290	0.0316373
9	360000	2277	0.0314577
9	370000	2272	0.0313886
9	380000	2275	0.0314301
9	390000	2265	0.0312919
9	400000	2265	0.0312919
9	410000	2265	0.0312919
9	420000	2257	0.0311814
9	430000	2286	0.031582
9	440000	2251	0.0310985
9	450000	2281	0.031513
9	460000	2284	0.0315544
9	470000	2295	0.0317064
9	480000	2277	0.0314577
9	490000	2275	0.0314301
9	500000	2280	0.0314991
9	510000	2285	0.0315682
9	520000	2288	0.0316097
9	530000	2248	0.031057
9	540000	2268	0.0313334
9	550000	2274	0.0314162
9	560000	2260	0.0312228
9	570000	2286	0.031582
9	580000	2262	0.0312505
9	590000	2295	0.0317064
9	600000	2273	0.0314024
9	610000	2274	0.0314162
9	620000	2265	0.0312919
9	630000	2293	0.0316787
9	640000	2260	0.0312228
9	650000	2263	0.0312643
9	660000	2260	0.0312228
9	670000	2294	0.0316926
9	680000	2274	0.0314162
9	690000	2252	0.0311123
9	700000	2252	0.0311123
9	710000	2287	0.0315958
9	720000	2260	0.0312228
9	730000	2250	0.0310847
9	740000	2291	0.0316511
9	750000	2258	0.0311952
9	760000	2254	0.0311399
9	770000	2267	0.0313195
9	780000	2283	0.0315406
9	790000	2262	0.0312505
9	800000	2258	0.0311952
9	810000	2268	0.0313334
9	820000	2276	0.0314439
9	830000	2283	0.0315406
9	840000	2265	0.0312919
9	850000	2277	0.0314577
9	860000	2260	0.0312228
9	870000	2276	0.0314439
9	880000	2260	0.0312228
9	890000	2250	0.0310847
9	900000	2267	0.0313195
9	910000	2266	0.0313057
9	920000	2289	0.0316235
9	930000	2271	0.0313748
9	940000	2273	0.0314024
9	950000	2258	0.0311952
9	960000	2271	0.0313748
9	970000	2274	0.0314162
9	980000	2246	0.0310294
9	990000	2254	0.0311399
9	1000000	2279	0.0314853
10	0	2254	0.0311399
10	10000	2269	0.0313472
10	20000	2281	0.031513
10	30000	2292	0.0316649
10	40000	2281	0.031513
10	50000	2299	0.0317616
10	60000	2266	0.0313057
10	70000	2290	0.0316373
10	80000	2270	0.031361
10	90000	2312	0.0319412
10	100000	2260	0.0312228
10	110000	2261	0.0312366
10	120000	2285	0.0315682
10	130000	2266	0.0313057
10	140000	2263	0.0312643
10	150000	2288	0.0316097
10	160000	2283	0.0315406
10	170000	2264	0.0312781
10	180000	2283	0.0315406
10	190000	2252	0.0311123
10	200000	2264	0.0312781
10	210000	2254	0.0311399
10	220000	2293	0.0316787
10	230000	2278	0.0314715
10	240000	2276	0.0314439
10	250000	2254	0.0311399
10	260000	2275	0.0314301
10	270000	2286	0.031582
10	280000	2252	0.0311123
10	290000	2299	0.0317616
10	300000	2250	0.0310847
10	310000	2270	0.031361
10	320000	2267	0.0313195
10	330000	2265	0.0312919
10	340000	2273	0.0314024
10	350000	2286	0.031582
10	360000	2293	0.0316787
10	370000	2278	0.0314715
10	380000	2286	0.031582
10	390000	2260	0.0312228
10	400000	2268	0.0313334
10	410000	2293	0.0316787
10	420000	2283	0.0315406
10	430000	2284	0.0315544
10	440000	2267	0.0313195
10	450000	2288	0.0316097
10	460000	2285	0.0315682
10	470000	2273	0.0314024
10	480000	2268	0.0313334
10	490000	2270	0.031361
10	500000	2280	0.0314991
10	510000	2280	0.0314991
10	520000	2282	0.0315268
10	530000	2251	0.0310985
10	540000	2255	0.0311538
10	550000	2288	0.0316097
10	560000	2285	0.0315682
10	570000	2276	0.0314439
10	580000	2258	0.0311952
10	590000	2278	0.0314715
10	600000	2246	0.0310294
10	610000	2267	0.0313195
10	620000	2274	0.0314162
10	630000	2280	0.0314991
10	640000	2267	0.0313195
10	650000	2261	0.0312366
10	660000	2275	0.0314301
10	670000	2271	0.0313748
10	680000	2274	0.0314162
10	690000	2280	0.0314991
10	700000	2273	0.0314024
10	710000	2303	0.0318169
10	720000	2275	0.0314301
10	730000	2287	0.0315958
10	740000	2273	0.0314024
10	750000	2257	0.0311814
10	760000	2267	0.0313195
10	770000	2278	0.0314715
10	780000	2275	0.0314301
10	790000	2275	0.0314301
10	800000	2292	0.0316649
10	810000	2272	0.0313886
10	820000	2301	0.0317893
10	830000	2263	0.0312643
10	840000	2266	0.0313057
10	850000	2277	0.0314577
10	860000	2285	0.0315682
10	870000	2289	0.0316235
10	880000	2276	0.0314439
10	890000	2273	0.0314024
10	900000	2274	0.0314162
10	910000	2276	0.0314439
10	920000	2283	0.0315406
10	930000	2275	0.0314301
10	940000	2285	0.0315682
10	950000	2282	0.0315268
10	960000	2257	0.0311814
10	970000	2292	0.0316649
10	980000	2303	0.0318169
10	990000	2263	0.0312643
10	1000000	2269	0.0313472
11	0	2276	0.0314439
11	10000	2294	0.0316926
11	20000	2288	0.0316097
11	30000	2298	0.0317478
11	40000	2288	0.0316097
11	50000	2263	0.0312643
11	60000	2277	0.0314577
11	70000	2255	0.0311538
11	80000	2289	0.0316235
11	90000	2278	0.0314715
11	100000	2313	0.031955
11	110000	2258	0.0311952
11	120000	2279	0.0314853
11	130000	2269	0.0313472
11	140000	2281	0.031513
11	150000	2253	0.0311261
11	160000	2301	0.0317893
11	170000	2266	0.0313057
11	180000	2272	0.0313886
11	190000	2248	0.031057
11	200000	2271	0.0313748
11	210000	2290	0.0316373
11	220000	2284	0.0315544
11	230000	2269	0.0313472
11	240000	2284	0.0315544
11	250000	2280	0.0314991
11	260000	2273	0.0314024
11	270000	2267	0.0313195
11	280000	2263	0.0312643
11	290000	2278	0.0314715
11	300000	2269	0.0313472
11	310000	2295	0.0317064
11	320000	2245	0.0310156
11	330000	2285	0.0315682
11	340000	2269	0.0313472
11	350000	2268	0.0313334
11	360000	2278	0.0314715
11	370000	2241	0.0309603
11	380000	2274	0.0314162
11	390000	2255	0.0311538
11	400000	2269	0.0313472
11	410000	2295	0.0317064
11	420000	2277	0.0314577
11	430000	2294	0.0316926
11	440000	2262	0.0312505
11	450000	2294	0.0316926
11	460000	2280	0.0314991
11	470000	2263	0.0312643
11	480000	2278	0.0314715
11	490000	2283	0.0315406
11	500000	2275	0.0314301
11	510000	2283	0.0315406
11	520000	2285	0.0315682
11	530000	2268	0.0313334
11	540000	2272	0.0313886
11	550000	2277	0.0314577
11	560000	2274	0.0314162
11	570000	2281	0.031513
11	580000	2272	0.0313886
11	590000	2267	0.0313195
11	600000	2290	0.0316373
11	610000	2276	0.0314439
11	620000	2267	0.0313195
11	630000	2284	0.0315544
11	640000	2245	0.0310156
11	650000	2274	0.0314162
11	660000	2283	0.0315406
11	670000	2277	0.0314577
11	680000	2287	0.0315958
11	690000	2258	0.0311952
11	700000	2275	0.0314301
11	710000	2283	0.0315406
11	720000	2272	0.0313886
11	730000	2276	0.0314439
11	740000	2287	0.0315958
11	750000	2286	0.031582
11	760000	2264	0.0312781
11	770000	2293	0.0316787
11	780000	2267	0.0313195
11	790000	2278	0.0314715
11	800000	2284	0.0315544
11	810000	2279	0.0314853
11	820000	2264	0.0312781
11	830000	2282	0.0315268
11	840000	2271	0.0313748
11	850000	2281	0.031513
11	860000	2275	0.0314301
11	870000	2275	0.0314301
11	880000	2280	0.0314991
11	890000	2255	0.0311538
11	900000	2279	0.0314853
11	910000	2259	0.031209
11	920000	2279	0.0314853
11	930000	2282	0.0315268
11	940000	2262	0.0312505
11	950000	2250	0.0310847
11	960000	2264	0.0312781
11	970000	2294	0.0316926
11	980000	2270	0.031361
11	990000	2263	0.0312643
11	1000000	2271	0.0313748
12	0	2254	0.0311399
12	10000	2282	0.0315268
12	20000	2288	0.0316097
12	30000	2279	0.0314853
12	40000	2284	0.0315544
12	50000	2287	0.0315958
12	60000	2298	0.0317478
12	70000	2301	0.0317893
12	80000	2281	0.031513
12	90000	2275	0.0314301
12	100000	2265	0.0312919
12	110000	2248	0.031057
12	120000	2291	0.0316511
12	130000	2274	0.0314162
12	140000	2279	0.0314853
12	150000	2273	0.0314024
12	160000	2310	0.0319136
12	170000	2277	0.0314577
12	180000	2289	0.0316235
12	190000	2286	0.031582
12	200000	2274	0.0314162
12	210000	2286	0.031582
12	220000	2288	0.0316097
12	230000	2288	0.0316097
12	240000	2277	0.0314577
12	250000	2300	0.0317754
12	260000	2289	0.0316235
12	270000	2269	0.0313472
12	280000	2297	0.031734
12	290000	2295	0.0317064
12	300000	2289	0.0316235
12	310000	2274	0.0314162
12	320000	2278	0.0314715
12	330000	2266	0.0313057
12	340000	2264	0.0312781
12	350000	2277	0.0314577
12	360000	2283	0.0315406
12	370000	2262	0.0312505
12	380000	2289	0.0316235
12	390000	2261	0.0312366
12	400000	2277	0.0314577
12	410000	2307	0.0318722
12	420000	2275	0.0314301
12	430000	2291	0.0316511
12	440000	2290	0.0316373
12	450000	2248	0.031057
12	460000	2261	0.0312366
12	470000	2279	0.0314853
12	480000	2263	0.0312643
12	490000	2275	0.0314301
12	500000	2287	0.0315958
12	510000	2259	0.031209
12	520000	2254	0.0311399
12	530000	2290	0.0316373
12	540000	2265	0.0312919
12	550000	2272	0.0313886
12	560000	2271	0.0313748
12	570000	2285	0.0315682
12	580000	2282	0.0315268
12	590000	2269	0.0313472
12	600000	2265	0.0312919
12	610000	2256	0.0311676
12	620000	2297	0.031734
12	630000	2261	0.0312366
12	640000	2274	0.0314162
12	650000	2262	0.0312505
12	660000	2273	0.0314024
12	670000	2274	0.0314162
12	680000	2274	0.0314162
12	690000	2280	0.0314991
12	700000	2280	0.0314991
12	710000	2248	0.031057
12	720000	2278	0.0314715
12	730000	2299	0.0317616
12	740000	2256	0.0311676
12	750000	2255	0.0311538
12	760000	2248	0.031057
12	770000	2248	0.031057
12	780000	2253	0.0311261
12	790000	2264	0.0312781
12	800000	2275	0.0314301
12	810000	2284	0.0315544
12	820000	2290	0.0316373
12	830000	2263	0.0312643
12	840000	2284	0.0315544
12	850000	2303	0.0318169
12	860000	2273	0.0314024
12	870000	2274	0.0314162
12	880000	2266	0.0313057
12	890000	2255	0.0311538
12	900000	2260	0.0312228
12	910000	2250	0.0310847
12	920000	2281	0.031513
12	930000	2261	0.0312366
12	940000	2261	0.0312366
12	950000	2276	0.0314439
12	960000	2243	0.030988
12	970000	2253	0.0311261
12	980000	2289	0.0316235
12	990000	2255	0.0311538
12	1000000	2276	0.0314439
13	0	2291	0.0316511
13	10000	2276	0.0314439
13	20000	2286	0.031582
13	30000	2299	0.0317616
13	40000	2266	0.0313057
13	50000	2269	0.0313472
13	60000	2299	0.0317616
13	70000	2261	0.0312366
13	80000	2263	0.0312643
13	90000	2284	0.0315544
13	100000	2295	0.0317064
13	110000	2278	0.0314715
13	120000	2282	0.0315268
13	130000	2254	0.0311399
13	140000	2278	0.0314715
13	150000	2266	0.0313057
13	160000	2277	0.0314577
13	170000	2265	0.0312919
13	180000	2276	0.0314439
13	190000	2292	0.0316649
13	200000	2276	0.0314439
13	210000	2252	0.0311123
13	220000	2265	0.0312919
13	230000	2255	0.0311538
13	240000	2269	0.0313472
13	250000	2283	0.0315406
13	260000	2286	0.031582
13	270000	2275	0.0314301
13	280000	2260	0.0312228
13	290000	2276	0.0314439
13	300000	2272	0.0313886
13	310000	2272	0.0313886
13	320000	2288	0.0316097
13	330000	2285	0.0315682
13	340000	2284	0.0315544
13	350000	2273	0.0314024
13	360000	2280	0.0314991
13	370000	2276	0.0314439
13	380000	2268	0.0313334
13	390000	2293	0.0316787
13	400000	2264	0.0312781
13	410000	2294	0.0316926
13	420000	2276	0.0314439
13	430000	2276	0.0314439
13	440000	2284	0.0315544
13	450000	2266	0.0313057
13	460000	2245	0.0310156
13	470000	2283	0.0315406
13	480000	2270	0.031361
13	490000	2262	0.0312505
13	500000	2261	0.0312366
13	510000	2260	0.0312228
13	520000	2244	0.0310018
13	530000	2281	0.031513
13	540000	2251	0.0310985
13	550000	2278	0.0314715
13	560000	2280	0.0314991
13	570000	2275	0.0314301
13	580000	2296	0.0317202
13	590000	2300	0.0317754
13	600000	2278	0.0314715
13	610000	2279	0.0314853
13	620000	2278	0.0314715
13	630000	2280	0.0314991
13	640000	2279	0.0314853
13	650000	2241	0.0309603
13	660000	2269	0.0313472
13	670000	2272	0.0313886
13	680000	2264	0.0312781
13	690000	2270	0.031361
13	700000	2271	0.0313748
13	710000	2273	0.0314024
13	720000	2270	0.031361
13	730000	2262	0.0312505
13	740000	2282	0.0315268
13	750000	2265	0.0312919
13	760000	2259	0.031209
13	770000	2284	0.0315544
13	780000	2235	0.0308774
13	790000	2280	0.0314991
13	800000	2272	0.0313886
13	810000	2281	0.031513
13	820000	2291	0.0316511
13	830000	2253	0.0311261
13	840000	2267	0.0313195
13	850000	2275	0.0314301
13	860000	2276	0.0314439
13	870000	2253	0.0311261
13	880000	2289	0.0316235
13	890000	2261	0.0312366
13	900000	2291	0.0316511
13	910000	2278	0.0314715
13	920000	2270	0.031361
13	930000	2298	0.0317478
13	940000	2286	0.031582
13	950000	2278	0.0314715
13	960000	2257	0.0311814
13	970000	2268	0.0313334
13	980000	2267	0.0313195
13	990000	2290	0.0316373
13	1000000	2271	0.0313748
14	0	2266	0.0313057
14	10000	2278	0.0314715
14	20000	2275	0.0314301
14	30000	2275	0.0314301
14	40000	2273	0.0314024
14	50000	2277	0.0314577
14	60000	2269	0.0313472
14	70000	2285	0.0315682
14	80000	2268	0.0313334
14	90000	2287	0.0315958
14	100000	2285	0.0315682
14	110000	2295	0.0317064
14	120000	2274	0.0314162
14	130000	2271	0.0313748
14	140000	2274	0.0314162
14	150000	2283	0.0315406
14	160000	2270	0.031361
14	170000	2292	0.0316649
14	180000	2263	0.0312643
14	190000	2275	0.0314301
14	200000	2257	0.0311814
14	210000	2277	0.0314577
14	220000	2311	0.0319274
14	230000	2281	0.031513
14	240000	2280	0.0314991
14	250000	2267	0.0313195
14	260000	2283	0.0315406
14	270000	2254	0.0311399
14	280000	2277	0.0314577
14	290000	2292	0.0316649
14	300000	2256	0.0311676
14	310000	2274	0.0314162
14	320000	2286	0.031582
14	330000	2273	0.0314024
14	340000	2259	0.031209
14	350000	2279	0.0314853
14	360000	2285	0.0315682
14	370000	2296	0.0317202
14	380000	2279	0.0314853
14	390000	2306	0.0318583
14	400000	2290	0.0316373
14	410000	2287	0.0315958
14	420000	2276	0.0314439
14	430000	2266	0.0313057
14	440000	2274	0.0314162
14	450000	2290	0.0316373
14	460000	2276	0.0314439
14	470000	2281	0.031513
14	480000	2273	0.0314024
14	490000	2284	0.0315544
14	500000	2277	0.0314577
14	510000	2279	0.0314853
14	520000	2279	0.0314853
14	530000	2259	0.031209
14	540000	2267	0.0313195
14	550000	2287	0.0315958
14	560000	2287	0.0315958
14	570000	2267	0.0313195
14	580000	2280	0.0314991
14	590000	2276	0.0314439
14	600000	2246	0.0310294
14	610000	2273	0.0314024
14	620000	2306	0.0318583
14	630000	2292	0.0316649
14	640000	2266	0.0313057
14	650000	2249	0.0310709
14	660000	2294	0.0316926
14	670000	2249	0.0310709
14	680000	2269	0.0313472
14	690000	2291	0.0316511
14	700000	2256	0.0311676
14	710000	2259	0.031209
14	720000	2301	0.0317893
14	730000	2262	0.0312505
14	740000	2276	0.0314439
14	750000	2272	0.0313886
14	760000	2319	0.0320379
14	770000	2272	0.0313886
14	780000	2257	0.0311814
14	790000	2284	0.0315544
14	800000	2247	0.0310432
14	810000	2269	0.0313472
14	820000	2258	0.0311952
14	830000	2270	0.031361
14	840000	2270	0.031361
14	850000	2296	0.0317202
14	860000	2284	0.0315544
14	870000	2270	0.031361
14	880000	2251	0.0310985
14	890000	2287	0.0315958
14	900000	2272	0.0313886
14	910000	2275	0.0314301
14	920000	2255	0.0311538
14	930000	2271	0.0313748
14	940000	2241	0.0309603
14	950000	2265	0.0312919
14	960000	2278	0.0314715
14	970000	2287	0.0315958
14	980000	2263	0.0312643
14	990000	2252	0.0311123
14	1000000	2278	0.0314715
15	0	2275	0.0314301
15	10000	2265	0.0312919
15	20000	2250	0.0310847
15	30000	2290	0.0316373
15	40000	2277	0.0314577
15	50000	2258	0.0311952
15	60000	2269	0.0313472
15	70000	2255	0.0311538
15	80000	2294	0.0316926
15	90000	2248	0.031057
15	100000	2269	0.0313472
15	110000	2285	0.0315682
15	120000	2283	0.0315406
15	130000	2278	0.0314715
15	140000	2279	0.0314853
15	150000	2257	0.0311814
15	160000	2275	0.0314301
15	170000	2268	0.0313334
15	180000	2272	0.0313886
15	190000	2266	0.0313057
15	200000	2293	0.0316787
15	210000	2303	0.0318169
15	220000	2277	0.0314577
15	230000	2286	0.031582
15	240000	2265	0.0312919
15	250000	2282	0.0315268
15	260000	2292	0.0316649
15	270000	2287	0.0315958
15	280000	2275	0.0314301
15	290000	2293	0.0316787
15	300000	2283	0.0315406
15	310000	2315	0.0319827
15	320000	2300	0.0317754
15	330000	2275	0.0314301
15	340000	2286	0.031582
15	350000	2286	0.031582
15	360000	2269	0.0313472
15	370000	2297	0.031734
15	380000	2273	0.0314024
15	390000	2286	0.031582
15	400000	2295	0.0317064
15	410000	2284	0.0315544
15	420000	2264	0.0312781
15	430000	2271	0.0313748
15	440000	2282	0.0315268
15	450000	2275	0.0314301
15	460000	2287	0.0315958
15	470000	2287	0.0315958
15	480000	2288	0.0316097
15	490000	2285	0.0315682
15	500000	2276	0.0314439
15	510000	2280	0.0314991
15	520000	2272	0.0313886
15	530000	2266	0.0313057
15	540000	2293	0.0316787
15	550000	2276	0.0314439
15	560000	2299	0.0317616
15	570000	2255	0.0311538
15	580000	2258	0.0311952
15	590000	2291	0.0316511
15	600000	2257	0.0311814
15	610000	2273	0.0314024
15	620000	2268	0.0313334
15	630000	2270	0.031361
15	640000	2248	0.031057
15	650000	2273	0.0314024
15	660000	2269	0.0313472
15	670000	2262	0.0312505
15	680000	2276	0.0314439
15	690000	2267	0.0313195
15	700000	2284	0.0315544
15	710000	2268	0.0313334
15	720000	2270	0.031361
15	730000	2280	0.0314991
15	740000	2249	0.0310709
15	750000	2283	0.0315406
15	760000	2266	0.0313057
15	770000	2283	0.0315406
15	780000	2262	0.0312505
15	790000	2285	0.0315682
15	800000	2290	0.0316373
15	810000	2288	0.0316097
15	820000	2255	0.0311538
15	830000	2251	0.0310985
15	840000	2304	0.0318307
15	850000	2274	0.0314162
15	860000	2270	0.031361
15	870000	2275	0.0314301
15	880000	2239	0.0309327
15	890000	2283	0.0315406
15	900000	2300	0.0317754
15	910000	2264	0.0312781
15	920000	2265	0.0312919
15	930000	2272	0.0313886
15	940000	2286	0.031582
15	950000	2284	0.0315544
15	960000	2305	0.0318445
15	970000	2268	0.0313334
15	980000	2268	0.0313334
15	990000	2267	0.0313195
15	1000000	2267	0.0313195
16	0	2267	0.0313195
16	10000	2264	0.0312781
16	20000	2275	0.0314301
16	30000	2271	0.0313748
16	40000	2277	0.0314577
16	50000	2268	0.0313334
16	60000	2301	0.0317893
16	70000	2285	0.0315682
16	80000	2281	0.031513
16	90000	2292	0.0316649
16	100000	2314	0.0319689
16	110000	2288	0.0316097
16	120000	2271	0.0313748
16	130000	2269	0.0313472
16	140000	2284	0.0315544
16	150000	2265	0.0312919
16	160000	2275	0.0314301
16	170000	2288	0.0316097
16	180000	2280	0.0314991
16	190000	2280	0.0314991
16	200000	2294	0.0316926
16	210000	2283	0.0315406
16	220000	2276	0.0314439
16	230000	2248	0.031057
16	240000	2295	0.0317064
16	250000	2261	0.0312366
16	260000	2255	0.0311538
16	270000	2284	0.0315544
16	280000	2300	0.0317754
16	290000	2267	0.0313195
16	300000	2282	0.0315268
16	310000	2268	0.0313334
16	320000	2267	0.0313195
16	330000	2265	0.0312919
16	340000	2282	0.0315268
16	350000	2267	0.0313195
16	360000	2268	0.0313334
16	370000	2249	0.0310709
16	380000	2283	0.0315406
16	390000	2247	0.0310432
16	400000	2272	0.0313886
16	410000	2287	0.0315958
16	420000	2273	0.0314024
16	430000	2287	0.0315958
16	440000	2273	0.0314024
16	450000	2262	0.0312505
16	460000	2276	0.0314439
16	470000	2246	0.0310294
16	480000	2269	0.0313472
16	490000	2246	0.0310294
16	500000	2280	0.0314991
16	510000	2280	0.0314991
16	520000	2278	0.0314715
16	530000	2257	0.0311814
16	540000	2276	0.0314439
16	550000	2267	0.0313195
16	560000	2250	0.0310847
16	570000	2259	0.031209
16	580000	2267	0.0313195
16	590000	2271	0.0313748
16	600000	2259	0.031209
16	610000	2264	0.0312781
16	620000	2287	0.0315958
16	630000	2250	0.0310847
16	640000	2265	0.0312919
16	650000	2247	0.0310432
16	660000	2279	0.0314853
16	670000	2263	0.0312643
16	680000	2256	0.0311676
16	690000	2281	0.031513
16	700000	2242	0.0309742
16	710000	2272	0.0313886
16	720000	2281	0.031513
16	730000	2271	0.0313748
16	740000	2266	0.0313057
16	750000	2291	0.0316511
16	760000	2264	0.0312781
16	770000	2281	0.031513
16	780000	2270	0.031361
16	790000	2269	0.0313472
16	800000	2266	0.0313057
16	810000	2271	0.0313748
16	820000	2274	0.0314162
16	830000	2285	0.0315682
16	840000	2265	0.0312919
16	850000	2274	0.0314162
16	860000	2264	0.0312781
16	870000	2299	0.0317616
16	880000	2273	0.0314024
16	890000	2267	0.0313195
16	900000	2270	0.031361
16	910000	2273	0.0314024
16	920000	2273	0.0314024
16	930000	2297	0.031734
16	940000	2264	0.0312781
16	950000	2254	0.0311399
16	960000	2279	0.0314853
16	970000	2278	0.0314715
16	980000	2298	0.0317478
16	990000	2245	0.0310156
16	1000000	2302	0.0318031
17	0	2272	0.0313886
17	10000	2283	0.0315406
17	20000	2280	0.0314991
17	30000	2286	0.031582
17	40000	2289	0.0316235
17	50000	2260	0.0312228
17	60000	2285	0.0315682
17	70000	2266	0.0313057
17	80000	2256	0.0311676
17	90000	2257	0.0311814
17	100000	2321	0.0320656
17	110000	2282	0.0315268
17	120000	2300	0.0317754
17	130000	2278	0.0314715
17	140000	2291	0.0316511
17	150000	2298	0.0317478
17	160000	2272	0.0313886
17	170000	2294	0.0316926
17	180000	2311	0.0319274
17	190000	2291	0.0316511
17	200000	2275	0.0314301
17	210000	2265	0.0312919
17	220000	2294	0.0316926
17	230000	2291	0.0316511
17	240000	2276	0.0314439
17	250000	2255	0.0311538
17	260000	2269	0.0313472
17	270000	2280	0.0314991
17	280000	2298	0.0317478
17	290000	2270	0.031361
17	300000	2285	0.0315682
17	310000	2264	0.0312781
17	320000	2261	0.0312366
17	330000	2277	0.0314577
17	340000	2250	0.0310847
17	350000	2267	0.0313195
17	360000	2261	0.0312366
17	370000	2252	0.0311123
17	380000	2271	0.0313748
17	390000	2300	0.0317754
17	400000	2271	0.0313748
17	410000	2284	0.0315544
17	420000	2252	0.0311123
17	430000	2284	0.0315544
17	440000	2264	0.0312781
17	450000	2295	0.0317064
17	460000	2285	0.0315682
17	470000	2273	0.0314024
17	480000	2289	0.0316235
17	490000	2280	0.0314991
17	500000	2249	0.0310709
17	510000	2261	0.0312366
17	520000	2266	0.0313057
17	530000	2294	0.0316926
17	540000	2295	0.0317064
17	550000	2268	0.0313334
17	560000	2270	0.031361
17	570000	2267	0.0313195
17	580000	2272	0.0313886
17	590000	2294	0.0316926
17	600000	2288	0.0316097
17	610000	2247	0.0310432
17	620000	2271	0.0313748
17	630000	2268	0.0313334
17	640000	2283	0.0315406
17	650000	2263	0.0312643
17	660000	2297	0.031734
17	670000	2265	0.0312919
17	680000	2273	0.0314024
17	690000	2279	0.0314853
17	700000	2292	0.0316649
17	710000	2275	0.0314301
17	720000	2286	0.031582
17	730000	2279	0.0314853
17	740000	2271	0.0313748
17	750000	2280	0.0314991
17	760000	2277	0.0314577
17	770000	2284	0.0315544
17	780000	2269	0.0313472
17	790000	2263	0.0312643
17	800000	2264	0.0312781
17	810000	2296	0.0317202
17	820000	2283	0.0315406
17	830000	2283	0.0315406
17	840000	2268	0.0313334
17	850000	2272	0.0313886
17	860000	2277	0.0314577
17	870000	2273	0.0314024
17	880000	2264	0.0312781
17	890000	2269	0.0313472
17	900000	2277	0.0314577
17	910000	2250	0.0310847
17	920000	2266	0.0313057
17	930000	2281	0.031513
17	940000	2291	0.0316511
17	950000	2303	0.0318169
17	960000	2280	0.0314991
17	970000	2251	0.0310985
17	980000	2275	0.0314301
17	990000	2262	0.0312505
17	1000000	2290	0.0316373
18	0	2277	0.0314577
18	10000	2279	0.0314853
18	20000	2275	0.0314301
18	30000	2258	0.0311952
18	40000	2283	0.0315406
18	50000	2275	0.0314301
18	60000	2272	0.0313886
18	70000	2273	0.0314024
18	80000	2269	0.0313472
18	90000	2275	0.0314301
18	100000	2270	0.031361
18	110000	2275	0.0314301
18	120000	2272	0.0313886
18	130000	2273	0.0314024
18	140000	2276	0.0314439
18	150000	2258	0.0311952
18	160000	2294	0.0316926
18	170000	2257	0.0311814
18	180000	2276	0.0314439
18	190000	2282	0.0315268
18	200000	2284	0.0315544
18	210000	2287	0.0315958
18	220000	2272	0.0313886
18	230000	2249	0.0310709
18	240000	2248	0.031057
18	250000	2268	0.0313334
18	260000	2268	0.0313334
18	270000	2287	0.0315958
18	280000	2296	0.0317202
18	290000	2271	0.0313748
18	300000	2288	0.0316097
18	310000	2265	0.0312919
18	320000	2256	0.0311676
18	330000	2260	0.0312228
18	340000	2298	0.0317478
18	350000	2290	0.0316373
18	360000	2286	0.031582
18	370000	2285	0.0315682
18	380000	2283	0.0315406
18	390000	2267	0.0313195
18	400000	2264	0.0312781
18	410000	2248	0.031057
18	420000	2300	0.0317754
18	430000	2257	0.0311814
18	440000	2284	0.0315544
18	450000	2299	0.0317616
18	460000	2286	0.031582
18	470000	2280	0.0314991
18	480000	2281	0.031513
18	490000	2270	0.031361
18	500000	2305	0.0318445
18	510000	2280	0.0314991
18	520000	2266	0.0313057
18	530000	2288	0.0316097
18	540000	2276	0.0314439
18	550000	2293	0.0316787
18	560000	2261	0.0312366
18	570000	2307	0.0318722
18	580000	2273	0.0314024
18	590000	2279	0.0314853
18	600000	2267	0.0313195
18	610000	2286	0.031582
18	620000	2264	0.0312781
18	630000	2278	0.0314715
18	640000	2270	0.031361
18	650000	2275	0.0314301
18	660000	2283	0.0315406
18	670000	2273	0.0314024
18	680000	2268	0.0313334
18	690000	2264	0.0312781
18	700000	2275	0.0314301
18	710000	2295	0.0317064
18	720000	2279	0.0314853
18	730000	2283	0.0315406
18	740000	2265	0.0312919
18	750000	2285	0.0315682
18	760000	2262	0.0312505
18	770000	2266	0.0313057
18	780000	2283	0.0315406
18	790000	2260	0.0312228
18	800000	2267	0.0313195
18	810000	2263	0.0312643
18	820000	2280	0.0314991
18	830000	2262	0.0312505
18	840000	2263	0.0312643
18	850000	2260	0.0312228
18	860000	2273	0.0314024
18	870000	2269	0.0313472
18	880000	2250	0.0310847
18	890000	2281	0.031513
18	900000	2269	0.0313472
18	910000	2265	0.0312919
18	920000	2280	0.0314991
18	930000	2278	0.0314715
18	940000	2280	0.0314991
18	950000	2267	0.0313195
18	960000	2259	0.031209
18	970000	2272	0.0313886
18	980000	2274	0.0314162
18	990000	2283	0.0315406
18	1000000	2294	0.0316926
19	0	2266	0.0313057
19	10000	2267	0.0313195
19	20000	2286	0.031582
19	30000	2301	0.0317893
19	40000	2293	0.0316787
19	50000	2264	0.0312781
19	60000	2260	0.0312228
19	70000	2269	0.0313472
19	80000	2261	0.0312366
19	90000	2272	0.0313886
19	100000	2278	0.0314715
19	110000	2283	0.0315406
19	120000	2283	0.0315406
19	130000	2293	0.0316787
19	140000	2277	0.0314577
19	150000	2287	0.0315958
19	160000	2291	0.0316511
19	170000	2286	0.031582
19	180000	2275	0.0314301
19	190000	2274	0.0314162
19	200000	2270	0.031361
19	210000	2288	0.0316097
19	220000	2260	0.0312228
19	230000	2276	0.0314439
19	240000	2248	0.031057
19	250000	2282	0.0315268
19	260000	2282	0.0315268
19	270000	2275	0.0314301
19	280000	2289	0.0316235
19	290000	2280	0.0314991
19	300000	2277	0.0314577
19	310000	2267	0.0313195
19	320000	2298	0.0317478
19	330000	2269	0.0313472
19	340000	2282	0.0315268
19	350000	2262	0.0312505
19	360000	2283	0.0315406
19	370000	2273	0.0314024
19	380000	2277	0.0314577
19	390000	2267	0.0313195
19	400000	2284	0.0315544
19	410000	2283	0.0315406
19	420000	2285	0.0315682
19	430000	2277	0.0314577
19	440000	2275	0.0314301
19	450000	2258	0.0311952
19	460000	2286	0.031582
19	470000	2262	0.0312505
19	480000	2297	0.031734
19	490000	2280	0.0314991
19	500000	2269	0.0313472
19	510000	2261	0.0312366
19	520000	2272	0.0313886
19	530000	2260	0.0312228
19	540000	2266	0.0313057
19	550000	2271	0.0313748
19	560000	2290	0.0316373
19	570000	2257	0.0311814
19	580000	2260	0.0312228
19	590000	2279	0.0314853
19	600000	2271	0.0313748
19	610000	2277	0.0314577
19	620000	2279	0.0314853
19	630000	2280	0.0314991
19	640000	2271	0.0313748
19	650000	2278	0.0314715
19	660000	2265	0.0312919
19	670000	2251	0.0310985
19	680000	2244	0.0310018
19	690000	2278	0.0314715
19	700000	2288	0.0316097
19	710000	2290	0.0316373
19	720000	2270	0.031361
19	730000	2253	0.0311261
19	740000	2292	0.0316649
19	750000	2261	0.0312366
19	760000	2293	0.0316787
19	770000	2253	0.0311261
19	780000	2284	0.0315544
19	790000	2286	0.031582
19	800000	2293	0.0316787
19	810000	2261	0.0312366
19	820000	2277	0.0314577
19	830000	2282	0.0315268
19	840000	2273	0.0314024
19	850000	2274	0.0314162
19	860000	2274	0.0314162
19	870000	2238	0.0309189
19	880000	2295	0.0317064
19	890000	2270	0.031361
19	900000	2274	0.0314162
19	910000	2273	0.0314024
19	920000	2279	0.0314853
19	930000	2276	0.0314439
19	940000	2253	0.0311261
19	950000	2281	0.031513
19	960000	2270	0.031361
19	970000	2286	0.031582
19	980000	2319	0.0320379
19	990000	2292	0.0316649
19	1000000	2266	0.0313057
20	0	2274	0.0314162
20	10000	2279	0.0314853
20	20000	2236	0.0308913
20	30000	2276	0.0314439
20	40000	2272	0.0313886
20	50000	2283	0.0315406
20	60000	2274	0.0314162
20	70000	2311	0.0319274
20	80000	2256	0.0311676
20	90000	2277	0.0314577
20	100000	2278	0.0314715
20	110000	2259	0.031209
20	120000	2275	0.0314301
20	130000	2298	0.0317478
20	140000	2268	0.0313334
20	150000	2311	0.0319274
20	160000	2279	0.0314853
20	170000	2273	0.0314024
20	180000	2283	0.0315406
20	190000	2289	0.0316235
20	200000	2299	0.0317616
20	210000	2291	0.0316511
20	220000	2270	0.031361
20	230000	2280	0.0314991
20	240000	2277	0.0314577
20	250000	2282	0.0315268
20	260000	2264	0.0312781
20	270000	2285	0.0315682
20	280000	2282	0.0315268
20	290000	2261	0.0312366
20	300000	2290	0.0316373
20	310000	2278	0.0314715
20	320000	2281	0.031513
20	330000	2278	0.0314715
20	340000	2274	0.0314162
20	350000	2281	0.031513
20	360000	2264	0.0312781
20	370000	2280	0.0314991
20	380000	2287	0.0315958
20	390000	2269	0.0313472
20	400000	2289	0.0316235
20	410000	2288	0.0316097
20	420000	2270	0.031361
20	430000	2266	0.0313057
20	440000	2286	0.031582
20	450000	2266	0.0313057
20	460000	2275	0.0314301
20	470000	2267	0.0313195
20	480000	2283	0.0315406
20	490000	2288	0.0316097
20	500000	2268	0.0313334
20	510000	2256	0.0311676
20	520000	2268	0.0313334
20	530000	2296	0.0317202
20	540000	2249	0.0310709
20	550000	2282	0.0315268
20	560000	2278	0.0314715
20	570000	2260	0.0312228
20	580000	2275	0.0314301
20	590000	2290	0.0316373
20	600000	2284	0.0315544
20	610000	2276	0.0314439
20	620000	2268	0.0313334
20	630000	2298	0.0317478
20	640000	2285	0.0315682
20	650000	2272	0.0313886
20	660000	2250	0.0310847
20	670000	2265	0.0312919
20	680000	2260	0.0312228
20	690000	2250	0.0310847
20	700000	2279	0.0314853
20	710000	2299	0.0317616
20	720000	2263	0.0312643
20	730000	2266	0.0313057
20	740000	2275	0.0314301
20	750000	2249	0.0310709
20	760000	2261	0.0312366
20	770000	2283	0.0315406
20	780000	2253	0.0311261
20	790000	2261	0.0312366
20	800000	2275	0.0314301
20	810000	2254	0.0311399
20	820000	2261	0.0312366
20	830000	2254	0.0311399
20	840000	2260	0.0312228
20	850000	2294	0.0316926
20	860000	2261	0.0312366
20	870000	2279	0.0314853
20	880000	2290	0.0316373
20	890000	2281	0.031513
20	900000	2264	0.0312781
20	910000	2278	0.0314715
20	920000	2270	0.031361
20	930000	2296	0.0317202
20	940000	2286	0.031582
20	950000	2288	0.0316097
20	960000	2296	0.0317202
20	970000	2240	0.0309465
20	980000	2257	0.0311814
20	990000	2273	0.0314024
20	1000000	2270	0.031361
21	0	2255	0.0311538
21	10000	2289	0.0316235
21	20000	2279	0.0314853
21	30000	2263	0.0312643
21	40000	2270	0.031361
21	50000	2278	0.0314715
21	60000	2286	0.031582
21	70000	2274	0.0314162
21	80000	2295	0.0317064
21	90000	2282	0.0315268
21	100000	2294	0.0316926
21	110000	2274	0.0314162
21	120000	2263	0.0312643
21	130000	2242	0.0309742
21	140000	2263	0.0312643
21	150000	2304	0.0318307
21	160000	2282	0.0315268
21	170000	2278	0.0314715
21	180000	2287	0.0315958
21	190000	2272	0.0313886
21	200000	2264	0.0312781
21	210000	2264	0.0312781
21	220000	2267	0.0313195
21	230000	2267	0.0313195
21	240000	2277	0.0314577
21	250000	2279	0.0314853
21	260000	2266	0.0313057
21	270000	2283	0.0315406
21	280000	2292	0.0316649
21	290000	2257	0.0311814
21	300000	2297	0.031734
21	310000	2275	0.0314301
21	320000	2282	0.0315268
21	330000	2285	0.0315682
21	340000	2265	0.0312919
21	350000	2266	0.0313057
21	360000	2270	0.031361
21	370000	2254	0.0311399
21	380000	2292	0.0316649
21	390000	2259	0.031209
21	400000	2267	0.0313195
21	410000	2275	0.0314301
21	420000	2260	0.0312228
21	430000	2279	0.0314853
21	440000	2280	0.0314991
21	450000	2266	0.0313057
21	460000	2278	0.0314715
21	470000	2267	0.0313195
21	480000	2257	0.0311814
21	490000	2280	0.0314991
21	500000	2276	0.0314439
21	510000	2276	0.0314439
21	520000	2278	0.0314715
21	530000	2274	0.0314162
21	540000	2287	0.0315958
21	550000	2258	0.0311952
21	560000	2264	0.0312781
21	570000	2247	0.0310432
21	580000	2275	0.0314301
21	590000	2289	0.0316235
21	600000	2278	0.0314715
21	610000	2263	0.0312643
21	620000	2251	0.0310985
21	630000	2275	0.0314301
21	640000	2272	0.0313886
21	650000	2286	0.031582
21	660000	2267	0.0313195
21	670000	2275	0.0314301
21	680000	2279	0.0314853
21	690000	2268	0.0313334
21	700000	2270	0.031361
21	710000	2276	0.0314439
21	720000	2276	0.0314439
21	730000	2290	0.0316373
21	740000	2273	0.0314024
21	750000	2266	0.0313057
21	760000	2261	0.0312366
21	770000	2283	0.0315406
21	780000	2283	0.0315406
21	790000	2242	0.0309742
21	800000	2255	0.0311538
21	810000	2262	0.0312505
21	820000	2270	0.031361
21	830000	2310	0.0319136
21	840000	2296	0.0317202
21	850000	2260	0.0312228
21	860000	2270	0.031361
21	870000	2276	0.0314439
21	880000	2269	0.0313472
21	890000	2301	0.0317893
21	900000	2276	0.0314439
21	910000	2298	0.0317478
21	920000	2303	0.0318169
21	930000	2281	0.031513
21	940000	2273	0.0314024
21	950000	2275	0.0314301
21	960000	2263	0.0312643
21	970000	2295	0.0317064
21	980000	2274	0.0314162
21	990000	2258	0.0311952
21	1000000	2251	0.0310985
22	0	2256	0.0311676
22	10000	2294	0.0316926
22	20000	2270	0.031361
22	30000	2277	0.0314577
22	40000	2254	0.0311399
22	50000	2267	0.0313195
22	60000	2265	0.0312919
22	70000	2252	0.0311123
22	80000	2257	0.0311814
22	90000	2299	0.0317616
22	100000	2227	0.0307669
22	110000	2262	0.0312505
22	120000	2321	0.0320656
22	130000	2273	0.0314024
22	140000	2277	0.0314577
22	150000	2302	0.0318031
22	160000	2276	0.0314439
22	170000	2284	0.0315544
22	180000	2285	0.0315682
22	190000	2274	0.0314162
22	200000	2265	0.0312919
22	210000	2272	0.0313886
22	220000	2273	0.0314024
22	230000	2274	0.0314162
22	240000	2270	0.031361
22	250000	2262	0.0312505
22	260000	2270	0.031361
22	270000	2291	0.0316511
22	280000	2285	0.0315682
22	290000	2261	0.0312366
22	300000	2286	0.031582
22	310000	2281	0.031513
22	320000	2260	0.0312228
22	330000	2288	0.0316097
22	340000	2311	0.0319274
22	350000	2266	0.0313057
22	360000	2282	0.0315268
22	370000	2275	0.0314301
22	380000	2289	0.0316235
22	390000	2284	0.0315544
22	400000	2297	0.031734
22	410000	2277	0.0314577
22	420000	2272	0.0313886
22	430000	2284	0.0315544
22	440000	2276	0.0314439
22	450000	2283	0.0315406
22	460000	2289	0.0316235
22	470000	2290	0.0316373
22	480000	2271	0.0313748
22	490000	2276	0.0314439
22	500000	2281	0.031513
22	510000	2252	0.0311123
22	520000	2270	0.031361
22	530000	2267	0.0313195
22	540000	2269	0.0313472
22	550000	2247	0.0310432
22	560000	2268	0.0313334
22	570000	2267	0.0313195
22	580000	2288	0.0316097
22	590000	2286	0.031582
22	600000	2294	0.0316926
22	610000	2280	0.0314991
22	620000	2287	0.0315958
22	630000	2281	0.031513
22	640000	2278	0.0314715
22	650000	2288	0.0316097
22	660000	2279	0.0314853
22	670000	2266	0.0313057
22	680000	2267	0.0313195
22	690000	2268	0.0313334
22	700000	2276	0.0314439
22	710000	2277	0.0314577
22	720000	2247	0.0310432
22	730000	2267	0.0313195
22	740000	2271	0.0313748
22	750000	2261	0.0312366
22	760000	2273	0.0314024
22	770000	2297	0.031734
22	780000	2250	0.0310847
22	790000	2283	0.0315406
22	800000	2268	0.0313334
22	810000	2275	0.0314301
22	820000	2276	0.0314439
22	830000	2304	0.0318307
22	840000	2264	0.0312781
22	850000	2283	0.0315406
22	860000	2268	0.0313334
22	870000	2283	0.0315406
22	880000	2287	0.0315958
22	890000	2299	0.0317616
22	900000	2258	0.0311952
22	910000	2275	0.0314301
22	920000	2237	0.0309051
22	930000	2283	0.0315406
22	940000	2290	0.0316373
22	950000	2283	0.0315406
22	960000	2287	0.0315958
22	970000	2255	0.0311538
22	980000	2278	0.0314715
22	990000	2262	0.0312505
22	1000000	2270	0.031361
23	0	2259	0.031209
23	10000	2278	0.0314715
23	20000	2278	0.0314715
23	30000	2274	0.0314162
23	40000	2293	0.0316787
23	50000	2260	0.0312228
23	60000	2260	0.0312228
23	70000	2267	0.0313195
23	80000	2276	0.0314439
23	90000	2303	0.0318169
23	100000	2281	0.031513
23	110000	2279	0.0314853
23	120000	2256	0.0311676
23	130000	2291	0.0316511
23	140000	2253	0.0311261
23	150000	2285	0.0315682
23	160000	2301	0.0317893
23	170000	2275	0.0314301
23	180000	2296	0.0317202
23	190000	2284	0.0315544
23	200000	2256	0.0311676
23	210000	2273	0.0314024
23	220000	2256	0.0311676
23	230000	2273	0.0314024
23	240000	2245	0.0310156
23	250000	2267	0.0313195
23	260000	2271	0.0313748
23	270000	2278	0.0314715
23	280000	2280	0.0314991
23	290000	2284	0.0315544
23	300000	2266	0.0313057
23	310000	2257	0.0311814
23	320000	2273	0.0314024
23	330000	2293	0.0316787
23	340000	2292	0.0316649
23	350000	2294	0.0316926
23	360000	2265	0.0312919
23	370000	2260	0.0312228
23	380000	2307	0.0318722
23	390000	2295	0.0317064
23	400000	2285	0.0315682
23	410000	2295	0.0317064
23	420000	2284	0.0315544
23	430000	2288	0.0316097
23	440000	2281	0.031513
23	450000	2267	0.0313195
23	460000	2264	0.0312781
23	470000	2258	0.0311952
23	480000	2275	0.0314301
23	490000	2288	0.0316097
23	500000	2284	0.0315544
23	510000	2280	0.0314991
23	520000	2275	0.0314301
23	530000	2287	0.0315958
23	540000	2247	0.0310432
23	550000	2291	0.0316511
23	560000	2293	0.0316787
23	570000	2273	0.0314024
23	580000	2260	0.0312228
23	590000	2270	0.031361
23	600000	2257	0.0311814
23	610000	2285	0.0315682
23	620000	2283	0.0315406
23	630000	2283	0.0315406
23	640000	2308	0.031886
23	650000	2271	0.0313748
23	660000	2233	0.0308498
23	670000	2274	0.0314162
23	680000	2267	0.0313195
23	690000	2264	0.0312781
23	700000	2248	0.031057
23	710000	2266	0.0313057
23	720000	2283	0.0315406
23	730000	2261	0.0312366
23	740000	2258	0.0311952
23	750000	2276	0.0314439
23	760000	2286	0.031582
23	770000	2295	0.0317064
23	780000	2245	0.0310156
23	790000	2259	0.031209
23	800000	2270	0.031361
23	810000	2292	0.0316649
23	820000	2290	0.0316373
23	830000	2285	0.0315682
23	840000	2273	0.0314024
23	850000	2251	0.0310985
23	860000	2290	0.0316373
23	870000	2280	0.0314991
23	880000	2273	0.0314024
23	890000	2247	0.0310432
23	900000	2263	0.0312643
23	910000	2281	0.031513
23	920000	2255	0.0311538
23	930000	2263	0.0312643
23	940000	2271	0.0313748
23	950000	2276	0.0314439
23	960000	2278	0.0314715
23	970000	2263	0.0312643
23	980000	2272	0.0313886
23	990000	2248	0.031057
23	1000000	2276	0.0314439
24	0	2261	0.0312366
24	10000	2292	0.0316649
24	20000	2265	0.0312919
24	30000	2265	0.0312919
24	40000	2253	0.0311261
24	50000	2289	0.0316235
24	60000	2271	0.0313748
24	70000	2300	0.0317754
24	80000	2298	0.0317478
24	90000	2252	0.0311123
24	100000	2278	0.0314715
24	110000	2290	0.0316373
24	120000	2279	0.0314853
24	130000	2282	0.0315268
24	140000	2274	0.0314162
24	150000	2287	0.0315958
24	160000	2254	0.0311399
24	170000	2280	0.0314991
24	180000	2293	0.0316787
24	190000	2286	0.031582
24	200000	2287	0.0315958
24	210000	2280	0.0314991
24	220000	2276	0.0314439
24	230000	2257	0.0311814
24	240000	2270	0.031361
24	250000	2279	0.0314853
24	260000	2274	0.0314162
24	270000	2283	0.0315406
24	280000	2287	0.0315958
24	290000	2287	0.0315958
24	300000	2266	0.0313057
24	310000	2253	0.0311261
24	320000	2260	0.0312228
24	330000	2257	0.0311814
24	340000	2288	0.0316097
24	350000	2282	0.0315268
24	360000	2280	0.0314991
24	370000	2245	0.0310156
24	380000	2289	0.0316235
24	390000	2276	0.0314439
24	400000	2282	0.0315268
24	410000	2253	0.0311261
24	420000	2277	0.0314577
24	430000	2282	0.0315268
24	440000	2288	0.0316097
24	450000	2308	0.031886
24	460000	2275	0.0314301
24	470000	2280	0.0314991
24	480000	2274	0.0314162
24	490000	2274	0.0314162
24	500000	2243	0.030988
24	510000	2287	0.0315958
24	520000	2290	0.0316373
24	530000	2281	0.031513
24	540000	2278	0.0314715
24	550000	2262	0.0312505
24	560000	2268	0.0313334
24	570000	2262	0.0312505
24	580000	2273	0.0314024
24	590000	2248	0.031057
24	600000	2277	0.0314577
24	610000	2256	0.0311676
24	620000	2281	0.031513
24	630000	2271	0.0313748
24	640000	2259	0.031209
24	650000	2289	0.0316235
24	660000	2293	0.0316787
24	670000	2286	0.031582
24	680000	2274	0.0314162
24	690000	2251	0.0310985
24	700000	2255	0.0311538
24	710000	2270	0.031361
24	720000	2282	0.0315268
24	730000	2279	0.0314853
24	740000	2279	0.0314853
24	750000	2279	0.0314853
24	760000	2270	0.031361
24	770000	2273	0.0314024
24	780000	2278	0.0314715
24	790000	2282	0.0315268
24	800000	2270	0.031361
24	810000	2303	0.0318169
24	820000	2268	0.0313334
24	830000	2281	0.031513
24	840000	2279	0.0314853
24	850000	2273	0.0314024
24	860000	2290	0.0316373
24	870000	2263	0.0312643
24	880000	2294	0.0316926
24	890000	2269	0.0313472
24	900000	2246	0.0310294
24	910000	2258	0.0311952
24	920000	2260	0.0312228
24	930000	2282	0.0315268
24	940000	2272	0.0313886
24	950000	2255	0.0311538
24	960000	2272	0.0313886
24	970000	2262	0.0312505
24	980000	2276	0.0314439
24	990000	2246	0.0310294
24	1000000	2250	0.0310847
25	0	2271	0.0313748
25	10000	2253	0.0311261
25	20000	2275	0.0314301
25	30000	2266	0.0313057
25	40000	2271	0.0313748
25	50000	2285	0.0315682
25	60000	2266	0.0313057
25	70000	2287	0.0315958
25	80000	2278	0.0314715
25	90000	2280	0.0314991
25	100000	2265	0.0312919
25	110000	2266	0.0313057
25	120000	2278	0.0314715
25	130000	2292	0.0316649
25	140000	2274	0.0314162
25	150000	2281	0.031513
25	160000	2287	0.0315958
25	170000	2300	0.0317754
25	180000	2255	0.0311538
25	190000	2288	0.0316097
25	200000	2279	0.0314853
25	210000	2271	0.0313748
25	220000	2277	0.0314577
25	230000	2282	0.0315268
25	240000	2283	0.0315406
25	250000	2271	0.0313748
25	260000	2292	0.0316649
25	270000	2286	0.031582
25	280000	2284	0.0315544
25	290000	2275	0.0314301
25	300000	2271	0.0313748
25	310000	2303	0.0318169
25	320000	2271	0.0313748
25	330000	2283	0.0315406
25	340000	2277	0.0314577
25	350000	2262	0.0312505
25	360000	2262	0.0312505
25	370000	2269	0.0313472
25	380000	2270	0.031361
25	390000	2288	0.0316097
25	400000	2278	0.0314715
25	410000	2281	0.031513
25	420000	2259	0.031209
25	430000	2256	0.0311676
25	440000	2292	0.0316649
25	450000	2274	0.0314162
25	460000	2269	0.0313472
25	470000	2264	0.0312781
25	480000	2280	0.0314991
25	490000	2286	0.031582
25	500000	2267	0.0313195
25	510000	2277	0.0314577
25	520000	2271	0.0313748
25	530000	2266	0.0313057
25	540000	2280	0.0314991
25	550000	2259	0.031209
25	560000	2268	0.0313334
25	570000	2258	0.0311952
25	580000	2277	0.0314577
25	590000	2288	0.0316097
25	600000	2267	0.0313195
25	610000	2264	0.0312781
25	620000	2267	0.0313195
25	630000	2262	0.0312505
25	640000	2280	0.0314991
25	650000	2265	0.0312919
25	660000	2284	0.0315544
25	670000	2275	0.0314301
25	680000	2243	0.030988
25	690000	2276	0.0314439
25	700000	2286	0.031582
25	710000	2265	0.0312919
25	720000	2271	0.0313748
25	730000	2263	0.0312643
25	740000	2260	0.0312228
25	750000	2277	0.0314577
25	760000	2278	0.0314715
25	770000	2282	0.0315268
25	780000	2287	0.0315958
25	790000	2297	0.031734
25	800000	2280	0.0314991
25	810000	2261	0.0312366
25	820000	2278	0.0314715
25	830000	2268	0.0313334
25	840000	2274	0.0314162
25	850000	2270	0.031361
25	860000	2280	0.0314991
25	870000	2275	0.0314301
25	880000	2273	0.0314024
25	890000	2264	0.0312781
25	900000	2305	0.0318445
25	910000	2249	0.0310709
25	920000	2287	0.0315958
25	930000	2303	0.0318169
25	940000	2277	0.0314577
25	950000	2263	0.0312643
25	960000	2277	0.0314577
25	970000	2242	0.0309742
25	980000	2283	0.0315406
25	990000	2250	0.0310847
25	1000000	2278	0.0314715
26	0	2271	0.0313748
26	10000	2283	0.0315406
26	20000	2258	0.0311952
26	30000	2272	0.0313886
26	40000	2270	0.031361
26	50000	2277	0.0314577
26	60000	2267	0.0313195
26	70000	2290	0.0316373
26	80000	2268	0.0313334
26	90000	2291	0.0316511
26	100000	2259	0.031209
26	110000	2285	0.0315682
26	120000	2306	0.0318583
26	130000	2263	0.0312643
26	140000	2258	0.0311952
26	150000	2266	0.0313057
26	160000	2298	0.0317478
26	170000	2271	0.0313748
26	180000	2286	0.031582
26	190000	2287	0.0315958
26	200000	2299	0.0317616
26	210000	2274	0.0314162
26	220000	2294	0.0316926
26	230000	2279	0.0314853
26	240000	2283	0.0315406
26	250000	2289	0.0316235
26	260000	2275	0.0314301
26	270000	2269	0.0313472
26	280000	2308	0.031886
26	290000	2294	0.0316926
26	300000	2278	0.0314715
26	310000	2276	0.0314439
26	320000	2248	0.031057
26	330000	2299	0.0317616
26	340000	2296	0.0317202
26	350000	2279	0.0314853
26	360000	2268	0.0313334
26	370000	2279	0.0314853
26	380000	2284	0.0315544
26	390000	2274	0.0314162
26	400000	2290	0.0316373
26	410000	2292	0.0316649
26	420000	2273	0.0314024
26	430000	2266	0.0313057
26	440000	2281	0.031513
26	450000	2272	0.0313886
26	460000	2278	0.0314715
26	470000	2281	0.031513
26	480000	2252	0.0311123
26	490000	2268	0.0313334
26	500000	2273	0.0314024
26	510000	2276	0.0314439
26	520000	2271	0.0313748
26	530000	2295	0.0317064
26	540000	2277	0.0314577
26	550000	2279	0.0314853
26	560000	2277	0.0314577
26	570000	2278	0.0314715
26	580000	2281	0.031513
26	590000	2282	0.0315268
26	600000	2257	0.0311814
26	610000	2274	0.0314162
26	620000	2290	0.0316373
26	630000	2287	0.0315958
26	640000	2273	0.0314024
26	650000	2297	0.031734
26	660000	2280	0.0314991
26	670000	2283	0.0315406
26	680000	2269	0.0313472
26	690000	2277	0.0314577
26	700000	2278	0.0314715
26	710000	2293	0.0316787
26	720000	2289	0.0316235
26	730000	2281	0.031513
26	740000	2258	0.0311952
26	750000	2282	0.0315268
26	760000	2273	0.0314024
26	770000	2271	0.0313748
26	780000	2268	0.0313334
26	790000	2288	0.0316097
26	800000	2274	0.0314162
26	810000	2249	0.0310709
26	820000	2281	0.031513
26	830000	2266	0.0313057
26	840000	2280	0.0314991
26	850000	2247	0.0310432
26	860000	2253	0.0311261
26	870000	2268	0.0313334
26	880000	2264	0.0312781
26	890000	2298	0.0317478
26	900000	2280	0.0314991
26	910000	2263	0.0312643
26	920000	2284	0.0315544
26	930000	2274	0.0314162
26	940000	2267	0.0313195
26	950000	2281	0.031513
26	960000	2296	0.0317202
26	970000	2272	0.0313886
26	980000	2298	0.0317478
26	990000	2285	0.0315682
26	1000000	2283	0.0315406
27	0	2260	0.0312228
27	10000	2276	0.0314439
27	20000	2273	0.0314024
27	30000	2312	0.0319412
27	40000	2258	0.0311952
27	50000	2277	0.0314577
27	60000	2294	0.0316926
27	70000	2293	0.0316787
27	80000	2254	0.0311399
27	90000	2303	0.0318169
27	100000	2297	0.031734
27	110000	2265	0.0312919
27	120000	2267	0.0313195
27	130000	2273	0.0314024
27	140000	2254	0.0311399
27	150000	2278	0.0314715
27	160000	2282	0.0315268
27	170000	2281	0.031513
27	180000	2277	0.0314577
27	190000	2285	0.0315682
27	200000	2248	0.031057
27	210000	2280	0.0314991
27	220000	2252	0.0311123
27	230000	2295	0.0317064
27	240000	2267	0.0313195
27	250000	2270	0.031361
27	260000	2252	0.0311123
27	270000	2296	0.0317202
27	280000	2279	0.0314853
27	290000	2288	0.0316097
27	300000	2275	0.0314301
27	310000	2268	0.0313334
27	320000	2289	0.0316235
27	330000	2266	0.0313057
27	340000	2256	0.0311676
27	350000	2251	0.0310985
27	360000	2258	0.0311952
27	370000	2276	0.0314439
27	380000	2281	0.031513
27	390000	2307	0.0318722
27	400000	2288	0.0316097
27	410000	2252	0.0311123
27	420000	2269	0.0313472
27	430000	2257	0.0311814
27	440000	2268	0.0313334
27	450000	2268	0.0313334
27	460000	2274	0.0314162
27	470000	2281	0.031513
27	480000	2274	0.0314162
27	490000	2271	0.0313748
27	500000	2275	0.0314301
27	510000	2266	0.0313057
27	520000	2264	0.0312781
27	530000	2257	0.0311814
27	540000	2285	0.0315682
27	550000	2285	0.0315682
27	560000	2262	0.0312505
27	570000	2273	0.0314024
27	580000	2279	0.0314853
27	590000	2277	0.0314577
27	600000	2258	0.0311952
27	610000	2285	0.0315682
27	620000	2249	0.0310709
27	630000	2270	0.031361
27	640000	2287	0.0315958
27	650000	2253	0.0311261
27	660000	2259	0.031209
27	670000	2255	0.0311538
27	680000	2294	0.0316926
27	690000	2305	0.0318445
27	700000	2267	0.0313195
27	710000	2243	0.030988
27	720000	2269	0.0313472
27	730000	2296	0.0317202
27	740000	2246	0.0310294
27	750000	2286	0.031582
27	760000	2271	0.0313748
27	770000	2276	0.0314439
27	780000	2267	0.0313195
27	790000	2274	0.0314162
27	800000	2284	0.0315544
27	810000	2288	0.0316097
27	820000	2292	0.0316649
27	830000	2269	0.0313472
27	840000	2282	0.0315268
27	850000	2277	0.0314577
27	860000	2273	0.0314024
27	870000	2267	0.0313195
27	880000	2273	0.0314024
27	890000	2264	0.0312781
27	900000	2252	0.0311123
27	910000	2301	0.0317893
27	920000	2267	0.0313195
27	930000	2288	0.0316097
27	940000	2257	0.0311814
27	950000	2266	0.0313057
27	960000	2287	0.0315958
27	970000	2288	0.0316097
27	980000	2280	0.0314991
27	990000	2278	0.0314715
27	1000000	2267	0.0313195
28	0	2273	0.0314024
28	10000	2270	0.031361
28	20000	2272	0.0313886
28	30000	2281	0.031513
28	40000	2297	0.031734
28	50000	2257	0.0311814
28	60000	2278	0.0314715
28	70000	2292	0.0316649
28	80000	2276	0.0314439
28	90000	2285	0.0315682
28	100000	2278	0.0314715
28	110000	2278	0.0314715
28	120000	2280	0.0314991
28	130000	2267	0.0313195
28	140000	2270	0.031361
28	150000	2260	0.0312228
28	160000	2292	0.0316649
28	170000	2267	0.0313195
28	180000	2282	0.0315268
28	190000	2254	0.0311399
28	200000	2278	0.0314715
28	210000	2290	0.0316373
28	220000	2243	0.030988
28	230000	2247	0.0310432
28	240000	2287	0.0315958
28	250000	2288	0.0316097
28	260000	2281	0.031513
28	270000	2308	0.031886
28	280000	2273	0.0314024
28	290000	2286	0.031582
28	300000	2288	0.0316097
28	310000	2297	0.031734
28	320000	2288	0.0316097
28	330000	2252	0.0311123
28	340000	2279	0.0314853
28	350000	2289	0.0316235
28	360000	2277	0.0314577
28	370000	2265	0.0312919
28	380000	2271	0.0313748
28	390000	2276	0.0314439
28	400000	2272	0.0313886
28	410000	2273	0.0314024
28	420000	2282	0.0315268
28	430000	2303	0.0318169
28	440000	2285	0.0315682
28	450000	2259	0.031209
28	460000	2252	0.0311123
28	470000	2260	0.0312228
28	480000	2267	0.0313195
28	490000	2298	0.0317478
28	500000	2280	0.0314991
28	510000	2272	0.0313886
28	520000	2276	0.0314439
28	530000	2261	0.0312366
28	540000	2266	0.0313057
28	550000	2294	0.0316926
28	560000	2291	0.0316511
28	570000	2253	0.0311261
28	580000	2288	0.0316097
28	590000	2281	0.031513
28	600000	2258	0.0311952
28	610000	2281	0.031513
28	620000	2266	0.0313057
28	630000	2269	0.0313472
28	640000	2272	0.0313886
28	650000	2267	0.0313195
28	660000	2274	0.0314162
28	670000	2254	0.0311399
28	680000	2264	0.0312781
28	690000	2280	0.0314991
28	700000	2277	0.0314577
28	710000	2268	0.0313334
28	720000	2283	0.0315406
28	730000	2258	0.0311952
28	740000	2269	0.0313472
28	750000	2263	0.0312643
28	760000	2258	0.0311952
28	770000	2289	0.0316235
28	780000	2301	0.0317893
28	790000	2261	0.0312366
28	800000	2292	0.0316649
28	810000	2269	0.0313472
28	820000	2281	0.031513
28	830000	2296	0.0317202
28	840000	2263	0.0312643
28	850000	2245	0.0310156
28	860000	2269	0.0313472
28	870000	2263	0.0312643
28	880000	2273	0.0314024
28	890000	2261	0.0312366
28	900000	2281	0.031513
28	910000	2262	0.0312505
28	920000	2260	0.0312228
28	930000	2276	0.0314439
28	940000	2280	0.0314991
28	950000	2272	0.0313886
28	960000	2277	0.0314577
28	970000	2300	0.0317754
28	980000	2259	0.031209
28	990000	2253	0.0311261
28	1000000	2267	0.0313195
29	0	2278	0.0314715
29	10000	2285	0.0315682
29	20000	2277	0.0314577
29	30000	2264	0.0312781
29	40000	2268	0.0313334
29	50000	2254	0.0311399
29	60000	2276	0.0314439
29	70000	2285	0.0315682
29	80000	2280	0.0314991
29	90000	2291	0.0316511
29	100000	2276	0.0314439
29	110000	2300	0.0317754
29	120000	2273	0.0314024
29	130000	2272	0.0313886
29	140000	2305	0.0318445
29	150000	2298	0.0317478
29	160000	2288	0.0316097
29	170000	2277	0.0314577
29	180000	2269	0.0313472
29	190000	2263	0.0312643
29	200000	2297	0.031734
29	210000	2278	0.0314715
29	220000	2283	0.0315406
29	230000	2268	0.0313334
29	240000	2284	0.0315544
29	250000	2296	0.0317202
29	260000	2286	0.031582
29	270000	2280	0.0314991
29	280000	2275	0.0314301
29	290000	2274	0.0314162
29	300000	2271	0.0313748
29	310000	2271	0.0313748
29	320000	2261	0.0312366
29	330000	2262	0.0312505
29	340000	2280	0.0314991
29	350000	2273	0.0314024
29	360000	2295	0.0317064
29	370000	2277	0.0314577
29	380000	2278	0.0314715
29	390000	2296	0.0317202
29	400000	2265	0.0312919
29	410000	2292	0.0316649
29	420000	2282	0.0315268
29	430000	2289	0.0316235
29	440000	2263	0.0312643
29	450000	2263	0.0312643
29	460000	2277	0.0314577
29	470000	2299	0.0317616
29	480000	2266	0.0313057
29	490000	2265	0.0312919
29	500000	2275	0.0314301
29	510000	2298	0.0317478
29	520000	2283	0.0315406
29	530000	2254	0.0311399
29	540000	2266	0.0313057
29	550000	2283	0.0315406
29	560000	2269	0.0313472
29	570000	2260	0.0312228
29	580000	2250	0.0310847
29	590000	2280	0.0314991
29	600000	2253	0.0311261
29	610000	2277	0.0314577
29	620000	2287	0.0315958
29	630000	2272	0.0313886
29	640000	2252	0.0311123
29	650000	2285	0.0315682
29	660000	2273	0.0314024
29	670000	2277	0.0314577
29	680000	2284	0.0315544
29	690000	2282	0.0315268
29	700000	2296	0.0317202
29	710000	2267	0.0313195
29	720000	2271	0.0313748
29	730000	2269	0.0313472
29	740000	2281	0.031513
29	750000	2262	0.0312505
29	760000	2269	0.0313472
29	770000	2268	0.0313334
29	780000	2274	0.0314162
29	790000	2271	0.0313748
29	800000	2276	0.0314439
29	810000	2275	0.0314301
29	820000	2276	0.0314439
29	830000	2284	0.0315544
29	840000	2283	0.0315406
29	850000	2291	0.0316511
29	860000	2286	0.031582
29	870000	2278	0.0314715
29	880000	2245	0.0310156
29	890000	2263	0.0312643
29	900000	2284	0.0315544
29	910000	2284	0.0315544
29	920000	2268	0.0313334
29	930000	2287	0.0315958
29	940000	2283	0.0315406
29	950000	2286	0.031582
29	960000	2313	0.031955
29	970000	2280	0.0314991
29	980000	2268	0.0313334
29	990000	2284	0.0315544
29	1000000	2269	0.0313472
30	0	2284	0.0315544
30	10000	2271	0.0313748
30	20000	2284	0.0315544
30	30000	2277	0.0314577
30	40000	2284	0.0315544
30	50000	2277	0.0314577
30	60000	2303	0.0318169
30	70000	2272	0.0313886
30	80000	2263	0.0312643
30	90000	2268	0.0313334
30	100000	2278	0.0314715
30	110000	2287	0.0315958
30	120000	2296	0.0317202
30	130000	2275	0.0314301
30	140000	2273	0.0314024
30	150000	2284	0.0315544
30	160000	2276	0.0314439
30	170000	2288	0.0316097
30	180000	2268	0.0313334
30	190000	2261	0.0312366
30	200000	2272	0.0313886
30	210000	2293	0.0316787
30	220000	2276	0.0314439
30	230000	2253	0.0311261
30	240000	2262	0.0312505
30	250000	2292	0.0316649
30	260000	2262	0.0312505
30	270000	2279	0.0314853
30	280000	2272	0.0313886
30	290000	2297	0.031734
30	300000	2263	0.0312643
30	310000	2273	0.0314024
30	320000	2296	0.0317202
30	330000	2282	0.0315268
30	340000	2295	0.0317064
30	350000	2252	0.0311123
30	360000	2288	0.0316097
30	370000	2275	0.0314301
30	380000	2277	0.0314577
30	390000	2273	0.0314024
30	400000	2262	0.0312505
30	410000	2267	0.0313195
30	420000	2265	0.0312919
30	430000	2282	0.0315268
30	440000	2265	0.0312919
30	450000	2236	0.0308913
30	460000	2265	0.0312919
30	470000	2276	0.0314439
30	480000	2273	0.0314024
30	490000	2301	0.0317893
30	500000	2290	0.0316373
30	510000	2251	0.0310985
30	520000	2267	0.0313195
30	530000	2281	0.031513
30	540000	2273	0.0314024
30	550000	2271	0.0313748
30	560000	2286	0.031582
30	570000	2280	0.0314991
30	580000	2270	0.031361
30	590000	2252	0.0311123
30	600000	2292	0.0316649
30	610000	2257	0.0311814
30	620000	2278	0.0314715
30	630000	2296	0.0317202
30	640000	2247	0.0310432
30	650000	2271	0.0313748
30	660000	2313	0.031955
30	670000	2275	0.0314301
30	680000	2271	0.0313748
30	690000	2274	0.0314162
30	700000	2286	0.031582
30	710000	2272	0.0313886
30	720000	2259	0.031209
30	730000	2283	0.0315406
30	740000	2288	0.0316097
30	750000	2273	0.0314024
30	760000	2284	0.0315544
30	770000	2264	0.0312781
30	780000	2275	0.0314301
30	790000	2305	0.0318445
30	800000	2285	0.0315682
30	810000	2274	0.0314162
30	820000	2259	0.031209
30	830000	2269	0.0313472
30	840000	2261	0.0312366
30	850000	2270	0.031361
30	860000	2255	0.0311538
30	870000	2263	0.0312643
30	880000	2296	0.0317202
30	890000	2277	0.0314577
30	900000	2270	0.031361
30	910000	2263	0.0312643
30	920000	2273	0.0314024
30	930000	2267	0.0313195
30	940000	2273	0.0314024
30	950000	2292	0.0316649
30	960000	2288	0.0316097
30	970000	2274	0.0314162
30	980000	2258	0.0311952
30	990000	2267	0.0313195
30	1000000	2262	0.0312505
